10000
1517
1795
124
2481
4779
5526
9557
122
1609
7945
1012
3972
8825
6064
10041
8390
972
6362
1879
3319
2493
5240
1462
189
2017
4095
2338
7727
9470
3161
5564
888
4856
1940
3269
9536
3718
9078
5910
1579
3275
6823
5451
2000
9139
5393
290
10011
8007
8421
3231
400
9914
945
6841
1831
4940
5431
9458
4310
8492
1274
1450
9600
3114
4619
9036
6732
9949
1199
8212
3124
4274
9915
5024
3313
5208
1567
3225
3115
9888
2708
9767
9702
3553
6508
7785
4745
8191
3495
5307
6583
4669
6658
6084
7683
7529
1372
668
7379
2471
5132
6755
2997
4947
1680
6211
10056
3147
5688
9423
9287
8296
5443
5242
8101
8203
2927
9098
6295
2675
4305
9130
7244
7215
5114
1180
4645
2739
1748
8276
1462
6780
4931
4360
1627
2863
6823
7935
5910
2411
3611
1450
607
5306
6592
4960
3409
5771
3958
5956
8346
4515
4987
5491
1631
6353
2923
2528
8992
4571
7056
6707
7603
8239
7319
5482
1003
4042
9670
3165
6353
9533
867
3212
4739
7359
8072
4400
3031
8282
257
1277
9049
5144
3020
6932
1397
5843
5712
6642
6666
9020
9601
4169
7160
6820
5904
4415
762
1826
3832
7015
1259
4600
6479
2250
1859
803
6550
1142
8985
6707
8672
4286
8103
1592
1119
9401
7336
3083
2295
254
2004
1796
676
9064
8516
6480
9731
5530
8206
3463
8797
5717
4315
5176
7867
6075
5879
669
3469
1116
7277
2041
5302
1632
3534
2673
7285
7122
5657
9480
7276
7561
7528
7852
2877
5944
584
8860
7726
5042
2223
6423
659
6439
1499
4778
8766
7278
5348
8487
8294
8877
429
3497
409
215
2422
7595
7237
7979
3327
765
1792
756
4870
921
2952
5354
9681
579
6649
8157
6902
7208
848
8302
8239
9514
1832
9839
4253
10027
4968
4582
9776
1629
4697
2098
5476
8186
6330
8704
5204
8022
5712
9974
5196
8564
1580
4777
9043
8129
9186
2198
1590
9934
400
6081
5700
2132
5820
9854
8411
7040
4336
8087
8569
5286
6438
3946
9724
2668
8902
1180
6942
4514
7406
8390
9330
8887
3068
8274
3268
2154
6724
4758
8341
3376
7091
3941
1760
2811
3695
10072
9751
4284
4411
4573
5822
7101
8419
5446
6021
3573
2879
9216
7987
185
7506
7217
8972
6826
1743
8493
8881
8367
9503
7122
1643
6495
7315
9656
5558
911
9628
5210
1447
291
6035
7169
7293
706
8867
3214
4179
1646
2330
2066
1732
9737
5535
6956
6463
7179
5349
1596
1798
1105
4970
9694
7500
2186
9250
2958
9349
5130
4420
696
5321
355
7765
2514
961
6532
1981
5040
4431
4211
3358
6063
200
8794
9271
2916
2225
873
764
275
1878
5635
6221
9278
4073
5371
8488
9674
6753
2809
270
1975
9416
4287
741
6630
7071
2622
1570
1402
3086
1181
3717
9538
6227
2889
2354
4704
10014
3019
1231
1792
4906
7353
7322
5231
8976
5710
4805
5630
8419
4975
7505
4088
5514
8146
618
2485
7021
8440
3788
6359
9521
3757
5797
2000
2898
8052
6604
2812
7323
7736
4504
8481
4989
1726
3612
217
3689
8317
5747
8360
9544
9504
2348
4958
3903
2866
3695
824
1207
3735
7083
6980
7393
2780
8881
191
7084
1737
2904
659
5725
3660
9040
6966
1639
8904
7084
5228
3473
2731
3488
9269
2136
5737
4127
5939
4855
4075
3015
2314
7710
9998
9195
5003
9030
4328
1447
2367
5965
603
9278
1591
4163
4571
8457
5702
3375
1793
830
3101
4425
4219
2270
2813
6208
2650
8652
963
6625
1567
3178
4235
7817
8625
5491
3099
2853
3190
1718
5070
3693
897
2913
4108
5368
7623
9711
4995
9316
6793
7996
9993
7264
167
2706
3372
2717
1258
588
5594
9077
3666
9729
6794
2191
1472
6146
1296
4562
7764
6266
8155
8561
5432
2164
181
2955
8127
5077
8523
1172
2973
8417
8337
9392
1023
7961
8361
8534
8449
3855
7511
8367
9837
558
6810
1209
6604
8006
2024
4268
525
10079
9082
5857
8495
9163
5064
2874
4140
3487
3947
3366
1804
8536
9010
9080
2749
3624
7514
1099
7379
4925
5718
3468
1735
2429
930
8239
335
2854
8760
760
9185
7742
6517
3933
6805
1481
6707
7198
1221
6906
464
2925
1694
5726
8257
4344
9250
5671
1695
2882
497
7313
6250
2132
9642
7080
6624
6230
9834
5284
6890
5272
9278
9660
9105
5983
7393
5712
9433
8514
8871
6149
7692
465
1776
5849
1061
926
7773
2656
3708
8170
6222
9859
6554
5764
3191
9430
1894
9278
966
5037
4450
144
4597
3455
2380
8242
5419
1713
3009
542
7763
6953
908
9439
2702
8221
6617
375
778
226
4797
6900
6337
7604
8916
9428
3286
7063
8606
4153
2000
2956
4197
2849
2663
6477
7343
7983
4443
252
8425
2106
7105
5585
7797
6060
3707
4314
2687
737
4440
3737
3889
7029
7593
9057
6358
779
6020
1216
4832
7920
4073
5282
7021
2988
8011
4265
871
2354
769
9197
712
4127
1034
8409
6439
4641
8976
9026
1630
9668
9015
5419
6598
6508
4377
9208
3540
6649
324
4624
822
649
6158
7743
3538
4070
8260
4309
2676
5282
9758
9641
9309
693
4302
5648
1586
3178
926
9469
2747
9842
4788
5597
2602
5417
4705
2394
1967
4929
6919
9041
1831
2977
3036
1621
3299
1197
2182
5876
2731
1841
5417
1940
8786
5971
3840
6624
9050
4666
5993
8049
760
7034
3546
9615
8703
8151
1909
6922
9332
5080
5863
7415
7958
8800
8936
7509
6249
1019
9637
8880
9112
1306
720
7798
7178
4460
674
6128
5378
6568
4077
2391
9854
7523
1906
8457
1926
3715
5280
7510
8696
1043
4826
2906
9743
3662
6667
2244
933
6205
1024
9945
7411
1644
3995
4489
2356
4570
6869
3987
7390
846
6278
3496
4621
8084
1853
2799
8051
7033
210
2999
4329
1288
2157
324
1202
8725
2469
2036
1182
3393
8233
8493
1290
2129
9235
9898
2951
6004
3785
6593
6751
6315
9989
7624
651
1742
324
8603
5028
6786
7854
9257
4326
6264
5833
5428
1241
8202
3716
2323
7848
1850
716
9038
3879
9851
8836
6730
2108
8874
3223
8759
5089
3112
2635
5641
1106
9211
496
6034
2249
8250
1543
6475
766
7277
1804
1907
1731
5420
482
9479
7170
1099
4769
7301
7202
3506
283
9210
8632
3406
4221
3621
2770
3109
9162
129
2220
9558
6063
4370
4061
3859
7097
1079
1036
8801
9239
9019
474
9621
8399
3896
6972
3068
1098
4075
2826
7633
9537
1358
7292
10011
4880
9962
3020
294
9991
1492
6105
2307
2114
6418
6066
9112
7397
3354
4165
6536
2273
891
6058
6924
1040
2930
9893
2038
3257
8971
5923
9047
6582
3115
8958
7714
2978
8230
7908
9221
5974
265
7780
7989
6583
10098
3353
3881
3352
3770
6669
1878
4562
8979
8702
5502
1810
4847
3792
1319
3719
9615
6618
201
2631
1828
7815
1861
9958
1975
7334
2185
2141
1367
10074
8624
1365
9679
8757
970
3349
1679
2748
7811
558
1350
9565
2268
2450
3257
9840
6069
9125
6358
2522
8008
8087
6589
9769
4297
8464
3355
6382
6857
4622
6356
1734
5888
2287
6743
6758
5537
8322
5758
3248
8781
3360
9066
7301
5710
8575
7041
1679
7600
9652
453
5508
7639
6942
1529
8188
1659
1137
4471
8416
5659
7079
6402
7799
9267
3046
809
4704
1268
6467
4204
9949
6080
3170
7151
1690
1646
444
9622
5498
9996
9975
7259
3887
3170
8688
1976
4729
6077
6347
9397
1637
9678
5700
5688
8845
4998
2750
9801
6166
5469
3906
2368
1449
3328
9419
3040
1226
6115
2562
6625
2364
8789
136
6151
1859
5076
4379
2840
1054
6978
8490
2591
6557
442
4531
1654
5340
7181
1356
1406
2551
5162
3674
3900
4742
9345
3192
5869
1713
5654
8746
3977
4344
8782
6380
2455
3758
7012
5196
4712
3890
3586
3555
6699
280
4339
8254
5520
1420
9510
3178
223
924
6753
4024
5566
2350
3468
7687
315
9023
2685
4192
9619
1367
6825
1974
1378
3737
3422
2342
3879
3260
2150
479
3440
6389
4985
5212
4061
4395
8291
4185
5219
1296
4461
7037
9898
7829
4625
114
3104
3562
558
2623
1182
7283
850
2460
7272
524
1054
1052
10037
9456
7783
3377
5745
2668
4842
9707
6963
3033
144
8434
581
4505
1723
379
8586
2600
393
1591
6063
852
4114
7145
8035
1216
5857
5208
1641
6811
2512
1578
6168
195
1207
8165
9115
5949
4124
5978
5234
4168
664
5715
4925
8639
5995
3412
1140
2640
4903
3455
3392
5269
500
7680
2738
6257
9140
631
9320
7904
8461
1740
7999
5920
6158
7014
8122
182
9244
3256
603
6160
5224
1780
4699
7471
5092
2091
10011
6247
5446
9656
7769
2198
7236
6759
8355
2628
7290
3928
432
2003
1920
8331
7823
7978
1597
5845
8061
7093
5354
4916
3153
478
6596
4104
4201
7941
6096
4112
440
7794
3668
4461
9893
7156
1120
4500
9684
4662
8328
10016
6565
6501
4599
641
4379
6096
6386
8692
9441
7992
3508
2494
4722
6357
2851
8823
550
8847
2836
890
2893
2756
1604
2686
9813
8976
7087
9397
3539
1667
5666
6356
8068
165
6897
2348
2514
9536
7292
1855
7428
701
602
2051
3310
3353
7126
3760
8452
9862
902
1245
8871
2406
184
8584
1283
7171
4233
1074
8738
9799
7330
3059
6217
480
5307
8631
9916
2499
6738
7244
9452
7240
5547
9014
6845
2574
9026
1549
8688
9829
9047
3811
8487
9131
2295
6022
2554
2781
6996
7544
8832
579
503
4949
959
2062
9832
775
814
6471
4271
6518
9963
9719
5433
3061
8545
4359
4510
3485
440
3457
7197
8828
2488
5744
4750
4942
8425
7999
2387
7158
8478
9142
8359
9337
1105
4444
6364
1819
815
535
8237
7030
6506
9922
9991
1303
4182
754
4689
4522
4111
8138
9602
2852
3782
4253
4046
2108
8504
2685
5518
6882
1728
129
2471
9085
4473
5087
7156
1540
1874
1645
8471
4633
1468
4714
5836
1902
5368
6777
2676
5732
4815
2179
8484
8498
2684
8782
6858
1088
1368
8628
4222
9348
8657
2945
8333
9383
7932
5389
823
6058
6934
5546
591
4654
161
6328
6456
5429
9357
5385
1061
4073
7464
5797
2471
6400
4480
5581
7388
2100
4109
7862
7700
9018
707
5933
8301
4891
7574
9025
849
760
4471
7693
5315
4532
3921
8023
6214
9530
3308
3527
3503
672
5577
2226
3324
9957
7707
6964
8309
8068
4726
5909
6987
1685
8094
5188
2828
5568
4113
9930
6228
4837
7523
7795
5621
7696
5719
1735
7126
8927
1515
6882
5852
6992
9008
9076
3201
6616
5941
1410
4584
567
3571
7823
8505
1565
2912
1233
3385
3277
7415
9513
8014
4838
7209
3536
8786
2828
1523
5813
8007
2938
2595
3759
9830
7855
2736
2931
4371
8577
593
5208
5396
4064
9283
3801
1881
2095
1287
5166
5273
8602
932
9539
9693
8041
2975
8379
7121
751
444
1380
3589
2939
5040
9672
695
7676
8855
1318
2505
9349
2778
7801
9665
1962
7855
7799
309
5394
2865
1834
3896
3697
1274
9841
7990
501
8121
1363
1152
8465
2644
994
7657
3936
6918
4604
7864
5673
2174
269
1274
1205
4322
7192
9419
8429
4891
9628
3723
4008
1363
3872
7606
8889
3613
1848
5642
7986
9464
6695
2704
8360
3941
261
2196
759
1117
9960
2684
3191
6481
3859
4296
703
951
3615
5385
5742
9496
5360
6002
7111
9132
3508
5900
8998
1609
1442
3236
973
4389
5840
9233
4582
2353
7681
5241
3370
7541
7826
2814
3922
7937
7010
877
8788
6878
2514
782
6274
7775
6684
9637
6807
6445
5437
2057
4306
3131
5194
1531
3773
934
664
8255
3188
8245
9749
2810
2038
3827
5524
2212
8016
8787
9341
3056
5565
1756
10090
8091
9431
6674
7628
6138
9371
9317
4448
9929
8700
9542
1360
8725
6728
8276
3233
6168
2773
2882
8879
4711
2961
4303
6823
7229
2990
6065
185
4807
7721
175
2798
3404
3101
6678
5794
2373
2247
142
8554
848
5936
9815
9473
2565
7991
2606
8633
665
1740
3764
5276
953
4320
8352
8082
3562
669
8167
8270
4642
4594
7320
7946
7596
251
3640
6221
2398
10035
4675
3146
5871
4390
8872
8336
8634
7730
3222
9199
9371
6886
727
224
1106
5331
4559
4569
5900
8978
2739
6794
3473
6311
992
7321
6462
4533
9794
8761
820
4369
8159
6591
5012
6931
4828
3546
4562
4302
2645
185
1088
9624
6661
2095
4856
7472
2916
7008
6351
5555
3703
6076
8118
4595
9649
4481
5380
9343
9494
6100
3612
3905
8944
4876
7089
10024
8322
7903
4226
7219
7988
5214
3096
901
3561
7852
8274
6377
4760
4525
8184
4715
6853
6203
5563
6402
6936
843
5645
6330
3196
5509
6487
2040
286
3476
1964
4860
1279
2442
8332
9167
7556
1328
9969
1018
5432
8143
7295
6444
8920
1732
1060
5673
7835
6523
8327
1023
3618
3872
3605
3066
5633
9992
1358
5819
3369
9574
6932
4548
1916
1516
9968
9373
9096
9837
6643
4428
4232
190
772
9404
1822
8084
1329
5909
859
9556
6832
730
9680
337
3696
5213
6582
4955
7285
9851
4429
4117
651
6246
5533
519
1871
4529
6608
4766
5209
7092
4856
2233
6396
6579
6570
7625
8740
7329
3433
1825
7959
3013
8414
7908
8127
4896
9115
1664
999
9796
5681
1551
2294
7466
8322
4065
8247
4831
8731
9708
8175
9840
1841
824
2671
8311
4701
1311
1893
8035
3036
6104
948
1351
3912
5327
6147
2927
6891
3399
8976
8824
4850
1170
2542
3072
1488
7041
4155
119
6649
2231
6211
8391
2955
8782
2954
7556
6346
4747
1843
9282
752
9044
6885
916
623
9285
10096
3767
2584
8972
2491
3686
10042
1286
6658
1430
8227
7066
7802
4777
9197
3913
9420
8404
8948
8626
2212
5194
3274
308
728
278
9252
7514
1094
9775
3051
1090
3442
5535
9962
2186
9121
6257
9724
2031
7587
7851
8997
1641
8880
4446
1807
4552
9102
655
3079
1215
5749
2605
1423
6377
2783
6927
3791
129
2954
3094
1120
6297
8529
7334
4735
3902
9843
4359
5834
7331
8462
4731
5224
3595
5430
6931
8047
4432
7486
7378
5547
9487
9883
3222
5765
8918
6401
5808
8948
9256
8803
6320
1805
3584
9906
6440
7387
9650
7051
3121
3233
1765
4104
8357
5260
9434
1541
3208
3767
8927
6838
5566
8315
6622
5041
332
1792
1342
6040
640
6850
1095
3212
8555
4580
9371
1247
1867
8921
8198
1240
8406
9864
5244
6663
1376
931
4456
836
950
3284
7575
6416
7851
449
7709
4435
2141
5304
6727
9034
2054
7723
8498
510
2203
7769
8009
322
2942
6108
1462
1248
2224
2958
4164
9852
3789
8520
589
4639
8056
8064
7308
2159
4765
4917
6494
3158
121
3122
2092
8428
745
6843
8838
9200
4512
6747
9422
7355
9107
7136
8503
7583
9994
2567
7336
10036
988
7825
927
5296
2141
8135
7356
6806
9305
3750
9864
5678
6772
8209
4006
3769
1304
9096
2869
5716
2096
8543
9323
7455
5579
4079
4939
1826
2898
8527
8114
138
2604
8941
5335
4645
3329
2591
7703
8886
6241
3819
4464
9266
8280
4723
2935
9484
10071
2057
5101
2067
500
676
5775
2332
4655
614
410
7454
5393
8424
7492
7897
7265
9079
8794
6846
1570
6397
5632
4064
6468
6349
3230
4649
972
2417
4033
943
4374
5386
9263
1127
5963
4938
9711
6870
1804
10021
576
7097
4697
4321
1246
8214
3300
9940
4961
4771
2589
6845
5087
8957
3094
8217
9858
318
6886
3792
7514
7513
5430
6677
4892
7645
7867
4503
4416
5923
776
1244
9272
1725
5465
418
9839
5018
6610
4700
6041
9099
1446
1028
4308
792
5497
4067
1011
2283
4111
8425
9696
5793
5002
4488
3339
9121
5243
4007
4944
2271
5151
4116
3896
6869
786
3636
1787
7296
4588
7728
6295
5934
5008
6855
2979
405
7174
3890
2588
1185
2215
8537
6879
3469
9277
6470
2490
4421
377
3686
2944
1780
7702
6741
8549
8388
277
6588
1936
1117
568
4483
3304
5476
1238
6183
2133
8313
9973
974
5750
2088
9411
8881
1809
8588
5251
551
9261
1880
4137
2106
3561
8091
5099
8362
2731
1628
1203
4567
2645
1671
8950
5849
3400
10088
1932
5433
4653
8157
6307
6656
6497
1970
5437
8206
6811
6941
8657
2324
8721
2694
4330
8534
7037
5681
3149
9668
7209
4252
4135
6107
2175
2985
1856
1827
9326
10041
7161
3879
8098
9720
6787
4496
7943
8477
8954
4654
5318
7512
6878
291
6458
7461
5078
3396
9394
8127
2964
6504
8631
7000
2511
7058
6237
619
8786
5463
6912
5847
5595
1263
1819
8634
2011
6014
7011
865
568
2229
8277
3699
8773
988
7412
3751
4284
6706
8130
3500
9462
3013
6752
1873
9971
2890
8745
8657
4605
5557
756
6452
3072
2476
4987
4983
8390
1898
5749
5211
380
278
5162
5405
1166
2474
5408
1702
9080
3438
1455
8443
6351
8107
6568
2574
7249
1565
1132
8107
3375
1788
811
6347
516
5698
1231
5159
3849
6880
6622
481
7058
1684
5786
4477
4058
1094
2431
9390
784
3786
4085
3387
1794
6906
5861
5295
8371
3245
3302
7998
1286
4014
4246
1702
5964
5377
3113
6065
8509
9635
2798
1819
7571
4836
6196
7881
2182
8528
3524
2866
2214
7509
2505
260
667
4619
5456
8939
7764
5010
6837
8950
5276
7335
6905
7493
2612
9918
9810
7373
5806
2509
9093
9629
7245
5189
7411
5680
9969
835
4798
2084
8244
7204
8596
5164
1723
304
4003
5739
5215
7092
4590
6743
680
7747
4136
9544
3917
199
6818
9623
2608
5811
5505
6105
7252
2816
1685
7122
3551
6384
5458
8047
9840
3954
3111
7815
4159
3366
3454
5626
6711
4296
8621
7291
1943
9010
6735
5761
9109
9805
1636
7969
5516
7041
3974
2669
6109
1912
6043
9560
4548
1401
3860
640
5255
3223
8355
5666
6490
1709
7544
9453
2258
2418
6644
453
1328
9631
2466
6689
9337
355
4558
1105
3648
4784
3674
9658
2948
9617
5470
3748
7270
9230
4288
8778
2354
2543
696
5096
505
8141
4449
2663
6811
7345
3016
4391
6876
5383
980
2465
5638
1790
3471
9186
2826
3397
5096
5675
9267
467
9323
2789
5949
3512
1467
4555
2307
2064
9551
2712
6457
252
1627
3168
7497
896
3811
626
2531
1043
9343
4421
2733
9066
9859
5459
8716
4856
7386
4235
1575
2962
6924
7424
2726
8292
1880
4933
256
7683
3898
2965
4188
1777
2385
1585
2573
6096
8463
1356
7039
4059
2029
9672
3025
1789
1383
1641
2897
5022
2128
4372
7884
8953
8048
510
3497
6180
1695
10005
116
5493
2870
4204
7171
5155
2041
5996
1151
6757
3605
8090
716
5534
4014
9993
7223
1649
7887
6372
6571
9915
6996
707
8768
4945
7469
2165
7377
9065
8422
7393
810
1192
7849
4233
2599
9791
6482
3650
6448
9987
7992
3416
5421
8258
3309
8897
6160
1096
5169
8983
912
2066
9591
5932
3263
6960
4350
540
2277
2672
7834
2988
3765
1935
7121
2616
1626
3503
6167
4326
9742
411
7642
5064
4922
7204
3861
982
8200
5282
9865
5364
7248
9356
1197
6763
2569
1799
7204
1098
4371
1290
338
4388
3125
7360
6905
1004
7115
9324
5230
3110
9635
9125
8074
4457
6229
8187
1691
681
9721
1457
5946
3222
7065
3395
9885
5886
5094
6989
6885
5717
4531
7123
10006
7557
735
3163
8461
4103
2387
9943
7113
8274
5320
1439
8984
1449
5878
575
8383
5499
1932
4229
8621
8898
3876
4759
1036
8870
8000
7821
839
2432
4845
745
6241
1832
3808
954
5835
2447
797
2848
622
2370
539
9506
3719
6317
9981
8354
1717
8166
2483
6590
6964
2611
1249
7900
7733
9150
1974
8473
7834
3071
5470
3975
4803
9179
4829
539
1526
1878
9639
8400
4148
10079
7806
4120
6296
7688
2374
4265
5754
1110
7108
8970
9973
8257
3122
7607
3659
1348
2332
1393
4319
7702
1620
9023
3133
2701
9462
4560
832
5353
9212
1232
1684
6919
5252
4233
859
3879
8398
2865
1241
5406
1735
1114
9916
1109
4973
9827
2358
7205
7473
6577
4808
8993
1852
7841
1595
7566
8653
8679
2820
7766
9811
4404
937
1316
8537
1696
5095
3188
4461
2588
4846
2448
9954
1014
3457
4828
742
2067
8285
8115
4897
2993
3360
6649
7087
1207
4116
1992
9786
6836
9658
9498
7492
495
714
2282
8443
2061
5370
2804
4549
116
5152
755
1031
4862
5483
8025
3181
3669
6040
7978
2914
9300
880
9901
6760
4896
1794
6446
7984
7704
5844
1728
4452
2810
3910
2795
4771
9180
5500
5572
5549
6904
6228
6480
8018
1611
757
1100
1532
3049
5330
4347
8601
6110
500
5261
7258
8546
1608
5142
6151
7352
6771
503
10063
581
3198
1086
6014
4950
6559
1463
1755
9039
4195
9673
6902
4852
7025
8335
7801
2256
8934
6302
4618
5686
1464
1777
4133
2972
6819
184
6576
9842
6939
2891
6676
10037
230
2590
1240
3041
3953
9247
1980
4400
8820
8782
9152
2098
3369
3205
4254
8555
9407
8772
4142
7123
449
8175
6347
3521
4611
9176
9615
1450
8319
6191
7739
8449
8681
5231
1390
8886
4378
9622
3186
3099
8305
2238
1449
7926
1695
1955
2734
7355
6979
6776
4378
3681
1203
6978
7102
2066
2406
6617
9768
625
9061
7407
8975
7642
2539
6617
6429
6817
6140
5867
6168
697
8006
3869
4875
5953
5724
7509
3208
2604
537
3839
6185
7992
717
9539
9958
3023
2408
9626
9900
1369
3286
5127
8912
2077
1645
1593
8794
4037
7360
1215
986
1618
1336
5761
7472
6961
9523
580
9465
9960
4319
1902
7853
1288
1341
4063
563
3649
3590
364
4919
3128
5391
10083
5105
3288
1576
151
7225
5188
1266
4463
3059
8855
125
431
5716
9548
7263
1433
5760
7835
3235
9865
5375
4476
181
5839
4377
3671
2455
9196
6699
7746
9179
1704
7287
7007
8107
764
2096
5626
5128
1407
4381
1505
1738
9997
953
5253
1330
2965
2988
817
9083
8264
5193
9164
355
5822
9087
2710
4919
5686
6708
350
3642
3895
3610
8001
4560
1958
3527
5940
3265
7808
7345
4903
7705
4550
6408
5287
7415
5649
6004
2750
165
7449
1814
420
3172
801
9382
4343
2739
5990
945
2633
9786
4455
535
598
6313
3962
2790
9478
1671
10035
633
5628
4485
6942
7168
8152
8843
9424
803
8908
6774
8869
5580
6198
9571
4862
6793
8562
752
7638
1096
6790
1994
1531
3640
8207
1745
6330
3938
9668
6265
4471
1549
7002
7665
8617
1407
6408
7941
2110
1568
967
879
7048
7065
6702
1810
3758
5165
8815
7649
6161
5505
9543
3944
5398
4002
1941
1628
4192
1510
4146
4916
9311
7400
2481
7828
8707
5142
5669
7069
2962
2889
4201
9911
9854
803
7973
9865
2220
6688
7414
4633
8446
3209
8477
3744
3463
6671
5272
7556
4433
5670
2372
3644
2971
1105
1372
1578
2499
3293
4900
5362
6082
9001
1525
2189
9704
9398
8306
1825
2339
1972
6358
685
5081
1088
4329
8444
4011
5853
2252
8344
1424
4524
8240
647
5530
5864
2125
4281
5409
3277
9543
1392
2178
7320
9833
8135
2971
8039
6212
5210
9911
8822
5795
1244
6162
6376
5940
10073
2129
8093
4669
9805
2517
2809
352
4299
8573
8730
8481
3883
1907
4276
1527
3986
7849
1260
8373
720
5551
4485
2182
1714
3207
4229
2858
9270
505
8698
5595
8886
3043
165
8592
5461
2874
8844
6012
7700
7474
745
7835
5634
1274
9262
9520
9023
6774
7793
9643
8577
8530
1725
191
1637
5854
9301
7159
2611
4251
2655
1397
7195
2720
9889
8908
1846
4986
4820
5798
8712
1818
3533
4246
2992
9047
10018
1915
5721
4063
1458
550
2493
9435
6993
383
1541
6194
7442
4052
6698
6349
1701
3793
8969
7843
8953
7068
2729
3673
2766
7693
5391
2552
1840
8283
1499
1758
6450
7121
2074
4160
3923
4467
3495
817
4750
1288
6911
8445
1592
3509
4694
3194
3554
9916
7289
2407
3236
9918
2333
5902
3863
3976
8354
5603
8512
9754
3614
4862
3127
5588
8923
6950
6307
8670
7667
958
9859
831
5655
1351
592
249
797
4047
6417
7986
2706
9553
4156
4939
1708
7920
8816
6314
9775
7228
2320
3289
1990
5347
5129
7165
8550
1337
5736
2469
8547
1847
9552
454
9450
10045
603
148
344
3273
4386
2950
2726
8443
4142
686
2615
2858
6901
2290
6338
9121
1832
4580
721
3213
1646
9171
802
7282
7892
9249
9029
3697
9603
8379
3642
6459
4779
238
9632
9066
3088
8610
3761
7130
9197
2628
6240
5998
1170
2478
1371
2902
6959
1992
2368
4857
7415
3070
2039
1560
8572
7320
5157
4427
1951
8699
786
6631
5189
6670
1949
4529
1533
1962
7912
6982
842
4052
9232
1912
2783
503
1067
5994
2396
3335
751
9711
2657
2690
1171
1129
6262
2580
5457
8113
7531
2495
996
2620
5418
9197
7050
6851
7411
4862
3733
8153
5166
2865
9966
7849
9620
7285
3743
1916
520
746
7880
3077
9688
5303
459
5850
7784
5816
216
5215
8211
7464
4088
9881
6562
1038
6632
225
2152
6617
4631
7218
5734
4497
1320
5255
1682
1315
7071
8454
1962
1203
7783
1550
2759
8142
3653
6795
210
3769
1910
4674
1133
5898
4455
3947
3188
988
425
5240
3857
4956
8711
9492
5705
9931
4647
3639
1146
7970
1993
3008
9074
6028
811
8085
4071
4364
4780
533
4385
2942
5107
5418
8741
9463
5618
8181
6703
5943
3322
460
7151
8285
9852
2756
8116
751
6295
9162
8622
4540
8423
3948
468
5486
1933
791
9750
6613
1225
387
9455
2584
5705
4448
1947
7575
8882
4902
9770
8456
1615
6821
6641
7719
9477
4657
8371
5672
10071
3245
112
8394
7093
6833
132
8926
7524
9782
1791
8649
10069
7498
1134
2027
8199
9333
5854
6981
488
5525
5337
8355
8598
1878
5974
7976
6435
597
9900
2758
3742
6265
1053
7087
2998
7437
2265
422
7120
3956
5324
3441
7707
2710
1720
5806
8295
3827
2687
5035
9252
4276
3290
4102
6054
5517
1978
8741
6014
8131
1399
6009
4296
8704
2996
3546
6042
5162
220
9414
5370
5444
9107
2977
4406
7080
8683
8954
807
7622
3889
6311
1798
7080
313
4104
2497
8544
2745
4763
6575
397
672
7123
9001
9921
569
1295
1335
689
609
6605
2386
5969
5835
3044
2949
4418
1898
3656
8293
5688
6219
6343
9020
6432
348
1417
4876
2993
2432
7703
9642
9357
1078
8544
9178
1547
6091
413
8489
6601
6918
7127
2470
2653
6423
1671
3324
8222
1579
7869
162
7698
4112
9082
4030
4360
6751
5159
3606
9083
9114
3148
8340
10093
7944
7418
7892
3936
4083
2633
6789
7254
9660
5511
6159
5984
7082
5735
458
8561
3504
520
6159
7517
9502
6441
8129
6153
7852
1635
5136
6867
1036
9729
3212
8880
7047
1004
9068
7383
3538
5757
4537
9450
1168
596
5334
4502
6232
2044
2963
9636
2464
5374
3405
8218
1716
1435
4271
5820
9322
5660
8939
6610
5289
2051
5391
8588
2956
711
5871
2746
6369
6660
2096
3789
7157
3683
8192
3289
5627
7407
9177
7992
2682
8835
2462
650
170
6634
6370
5744
8546
5210
2255
10087
3513
3898
4927
2721
4509
7051
5367
778
3611
3716
820
7020
7299
8912
6561
9178
6219
5639
3422
5153
4374
5785
5703
796
8671
8326
2792
7117
9788
1299
3456
3201
5097
4635
5823
5859
1586
1090
2889
1450
4706
3609
8370
8257
2421
4832
7336
4893
6723
658
9946
997
6343
5550
8045
4914
128
7089
8283
9816
8289
7991
2917
9638
2527
4992
5397
4013
5983
8187
5363
6941
1696
3634
1451
370
4718
8687
5163
1341
5597
5009
8590
8193
6811
2887
3007
6839
9876
7543
6555
4417
5434
5725
3956
7861
617
9253
8127
2852
7340
9742
6046
5289
9628
7397
5559
4246
2336
622
5487
4185
1883
3977
2278
4947
3116
1538
8038
2893
8981
846
7210
667
6471
7418
8429
3340
6572
2808
6093
164
2450
8391
5353
1979
5688
812
2477
4276
7686
7865
8361
5822
8094
6892
669
1111
8330
8607
256
7211
9353
3718
7778
2076
1037
2459
5317
3861
1519
7662
3925
3870
5953
5531
2101
7893
2595
4478
8421
6534
8595
3034
2256
2942
9826
9177
305
8056
4036
461
1519
9642
431
5550
1618
7720
7909
3187
1481
5681
749
1659
5803
2954
7090
7804
7099
5937
8534
5420
2371
3382
8355
879
2576
8081
9956
2781
2390
245
9494
3809
9787
9825
9259
7657
3798
3421
745
5179
9002
7746
3090
4705
601
6432
8761
7600
2270
3547
9273
893
3181
3880
1673
5657
1861
7881
4690
503
8026
4084
4213
4065
162
9724
1623
3860
3045
2268
5291
8299
6266
4634
9256
3119
966
4269
620
9488
4069
6145
282
7150
9925
8207
9060
8038
2340
3650
8442
6619
7635
8907
584
4049
4883
8459
4161
7829
6979
9352
2380
3146
3886
7889
6165
1105
2058
3037
493
2379
9082
7027
5782
5259
5134
4742
3198
7375
8292
7892
246
2179
3051
730
2480
7834
9090
6541
1915
5969
2146
4196
5367
5932
8337
1433
3289
295
4370
3683
8927
9705
610
4609
4864
1997
5603
4314
5624
3795
8458
5770
2227
1409
2752
4607
9144
8094
7401
959
3964
9447
1407
5583
1631
9644
6916
4821
6192
7539
8404
5019
3496
5266
5880
4612
3515
1383
8827
5391
1430
3537
1061
3557
4847
10066
4417
243
8060
1718
1102
8276
7417
8762
3760
8948
8306
6928
3669
750
4367
8325
2021
7763
9844
7801
8628
3259
9084
3707
4903
415
7144
2216
224
1891
2182
893
2034
143
8863
9389
4671
6180
8051
8331
5029
2609
5160
4950
3260
5779
3176
5181
9795
2920
9235
8323
2431
8219
1930
3586
4886
8974
5703
1363
7118
7785
2156
5404
4180
7272
1045
8752
3352
5348
3335
4633
7858
4747
9484
7370
6779
2560
8803
6474
1732
7938
1049
415
2410
2879
3902
3548
8105
5857
4811
1475
3542
3220
6780
3975
392
7725
8979
9996
9326
2214
4530
3436
3214
3914
706
9893
2726
5761
2619
4358
9952
3568
1025
8614
2699
1179
2062
704
6936
3126
2080
6731
6246
5112
606
2890
9089
9485
2786
8315
7951
7216
1651
7417
1030
8609
3562
10008
623
6081
618
475
9549
1544
5341
8500
8975
7303
9105
5812
6681
7437
8795
9179
8801
9301
1969
4142
5038
1008
2358
9241
8124
261
2911
5407
5123
6373
5315
5646
2355
5834
2373
8156
3630
7614
6557
2505
1169
1914
4569
4103
5603
3264
3182
656
8817
5052
4698
107
5960
3308
5601
336
3470
8412
1995
4845
4685
7211
391
3292
9297
9016
7701
9179
2882
510
1584
303
8676
2406
4306
4179
1922
3741
1087
6992
5045
5685
3351
7257
8894
8852
7493
8616
3516
9389
3361
4454
2852
10004
7646
8401
8920
1599
7480
8054
2009
5316
8257
585
3974
8816
1016
5797
2457
8355
9041
7402
3941
2292
4559
2735
1045
8304
7603
813
3945
864
5167
3049
768
9066
1350
5940
565
5082
3894
8827
6651
8403
5664
525
3471
2933
2574
5828
1188
1515
9482
5029
3708
293
4016
1005
4850
1519
1718
8695
8635
3138
1645
9303
2104
9247
1495
8921
582
5289
4000
7133
9945
9565
3910
3316
2398
6385
5397
9838
4152
1131
1120
4112
1325
1388
1369
6075
9160
9340
1022
7695
2378
8919
3251
734
8067
4646
9555
4901
6188
3456
8286
2385
9273
2096
1953
7923
4733
7250
7661
8786
4634
5033
9150
5859
6322
420
8186
5382
9660
5460
9329
1938
4280
2480
8924
8599
3379
4731
3400
5819
4439
1586
8104
3612
9934
9957
1435
4568
7108
5349
9606
7994
282
8656
3753
2856
5328
8191
8138
4888
9903
7368
3078
4083
6100
1902
8934
9379
2886
8586
5098
7225
6424
9454
738
6259
9312
8425
7079
2672
10026
2937
566
6561
7845
571
9317
3074
5014
3708
4214
4817
976
7193
5153
3328
5347
339
2608
8133
8826
3958
1611
1502
3313
2249
4013
8877
6926
992
1449
3205
181
1915
9666
7927
8738
5235
7253
3652
8843
1367
4721
6071
4812
9774
9300
10060
6366
8160
4445
5092
2018
5956
6494
1583
4457
408
360
7636
7652
1709
741
4086
9876
6659
1913
4866
1794
9066
4770
538
6685
9392
6509
1398
5418
5709
1358
1684
3769
2055
6676
2040
7912
9423
9875
2269
6083
136
6157
9987
8097
6798
3973
4226
3357
5786
8992
1404
1104
3663
8194
7690
9307
4603
8988
4625
6565
6598
6210
6586
8553
9138
4878
6365
4813
4654
4887
796
1042
944
7036
9039
3995
909
9517
3604
2948
4762
4908
3952
8325
9354
7894
7532
210
3134
8409
3027
9632
4519
9513
4438
9910
644
703
4623
1550
1842
1672
2492
9039
8608
7783
9286
9417
7201
2790
8617
1863
3951
2470
6440
3205
6616
224
3315
9651
8533
6242
5535
9305
2008
9873
9115
8904
6829
9990
354
4923
1562
2746
3862
10070
429
3048
5740
3882
2091
4257
5645
5942
2979
1985
5399
5848
2109
8615
1751
6895
1109
7186
6100
9369
3312
5115
8173
10041
1357
8427
4864
2820
1073
4979
9142
7755
4279
1134
1537
2622
1644
3435
8464
4523
5320
116
6623
3682
4983
8274
477
5992
1713
6477
5262
4925
7844
3335
1218
9101
8015
2334
8173
5340
7213
3568
2995
7745
4602
785
267
2498
4120
4984
6922
5692
5000
9797
9274
6235
7972
6003
2127
9585
2380
3641
762
6476
3229
1880
1830
1144
4114
6255
2736
1228
9723
1984
5225
578
2669
1744
2976
3041
6628
6150
8633
7880
5848
4160
367
10072
10063
8747
5909
8696
2288
6571
5072
1769
8351
3154
9165
2365
9310
1802
9845
5285
3686
1322
2115
2607
2967
4992
5548
5847
7394
4081
3628
9494
4493
3895
9466
4457
2542
1627
3053
1083
8098
8025
9104
6349
7432
8170
4967
2994
6224
4712
8179
6162
5935
6547
8669
5154
1439
469
901
5085
802
781
4480
5196
929
198
9553
9723
1726
2506
706
9724
6783
6063
2326
467
4133
3545
3361
6609
8157
7793
2671
344
4240
7592
5398
1931
7961
2552
6916
8663
3233
7648
3759
4062
4099
9564
3686
5725
1970
644
1701
5006
6607
279
5373
6992
3724
8635
3501
8134
6328
2424
4730
468
9916
6381
2299
7777
8833
5467
2693
1966
3016
6352
2281
7015
5817
5867
8992
4039
6411
6945
8945
9271
7125
571
6163
7101
9106
5917
5135
1686
4593
9766
8406
4410
6047
6957
8439
1132
2324
1032
2998
1592
3637
5179
4859
5706
7298
3751
5997
9962
597
1195
9133
3974
1666
1548
975
7024
3717
2363
8610
8211
2029
3268
8873
4328
125
7212
5360
2349
4497
4610
3842
4386
6042
8601
9992
3240
8605
5889
9454
5454
3336
8487
5680
4902
6288
6555
8178
6257
8818
3040
4368
7099
6208
3141
7679
6233
6606
9291
8483
1003
3802
8577
1641
6096
3430
1533
9236
8287
3674
8591
9993
6911
3330
5573
8065
5870
8381
6144
2028
3451
9084
2648
451
5193
2042
4382
7678
8548
3574
6061
5803
7276
890
7344
3272
573
5129
8760
8760
5055
3603
5006
1866
3186
479
6184
5308
8760
2228
7236
2112
7564
6137
8815
2657
8079
3097
236
2879
2923
2549
8582
6451
9692
2178
9623
6517
3559
4636
5177
8514
4491
6435
6633
3929
6815
2717
9138
1827
1197
2626
3839
8661
5015
8906
7571
2994
8256
4059
5773
1079
2860
607
7431
2452
9037
3306
8869
2496
4194
299
911
4938
6634
3796
8767
9701
6413
4157
1429
7510
3036
1520
2423
7951
327
9894
846
4835
205
2871
5814
2966
9731
9497
1670
8668
9056
6792
7417
3150
6991
4580
7988
9877
8276
3008
5831
941
7065
7160
4703
10001
8580
7026
4205
5159
3173
4951
9894
3278
4074
1961
6144
3705
1358
4067
8626
6666
759
2295
9717
4002
6775
3957
3779
1303
3217
5862
2144
183
2922
6747
6436
7755
10025
6893
2814
9450
1744
8961
2629
2071
822
5025
2028
8432
8992
6906
4999
9651
9101
968
3553
5776
1177
3585
3331
4295
9347
5375
4378
8522
8374
7066
6177
4652
3860
5243
4002
1856
4104
6531
179
1178
7809
2108
9511
6701
8914
762
2605
4268
7982
2410
9944
9059
5895
9528
3254
1495
4803
3884
9917
9430
7203
2346
3982
7315
7489
4236
9071
7846
7020
5503
8924
4729
3863
4687
7682
2677
5349
187
6845
3231
8850
3042
2191
997
2470
1697
2392
3525
5482
8561
9207
2585
807
9441
9800
4549
3578
5123
2295
498
526
1119
1479
4289
5707
9061
3219
7308
5501
6316
6792
4251
5610
5235
5148
7980
6832
3793
7758
8566
2254
3217
1051
9314
2559
7103
115
2389
2127
2310
9139
8905
9681
518
9447
1640
5831
8918
8849
1232
5134
1893
1735
645
7028
3136
4877
112
6829
8887
8579
5335
2005
5882
901
816
2886
916
9457
1265
9478
8496
6422
9060
5266
5769
600
997
4587
5701
8482
5974
7494
117
2871
774
9505
7648
787
2586
2788
5618
7822
1045
1400
4975
1761
538
5792
1118
1703
5170
5866
8026
482
1032
10047
983
8281
887
6584
6663
6761
331
3033
9532
1005
2438
3432
8044
4925
6120
3562
8999
3417
1215
3874
5078
1653
5918
2448
9609
7341
8214
3887
7723
5498
3834
8606
3680
973
1443
6595
3986
8026
9528
9770
5283
8219
3103
3228
9396
5475
3042
4647
8793
509
4773
123
2063
592
2472
7924
4185
6938
1711
1808
8689
1797
6667
8621
2671
4362
5116
6557
2288
897
6228
3823
9016
5583
3303
8312
7310
2598
2859
6003
3007
7532
2379
1322
4376
1103
9146
8461
4293
757
6522
2882
8807
3089
1403
1378
3703
2772
4187
5891
3569
6667
5966
2485
2150
9170
7049
5713
1668
6160
1616
927
9944
247
2150
573
1250
1196
5286
5444
8206
1708
8226
6913
4697
5882
4543
8300
4906
4982
443
8375
1550
2662
7112
9952
1732
4061
5565
9652
6473
3434
479
2669
3581
8881
3142
4732
9978
8329
6428
4436
9937
4554
7601
887
6688
8396
5439
1494
3278
2135
6121
1080
4697
3133
933
2681
3446
2750
2233
6171
6084
8964
8741
5918
7746
1783
6902
3976
10012
3230
4664
6202
4036
2165
6989
625
6813
2328
8371
9991
715
745
972
5312
3778
8157
7893
3477
807
6378
9548
3144
5243
8189
5314
9241
6225
2116
3117
6137
5246
7681
2239
9182
6098
5480
6059
2811
4061
683
9054
4676
1328
6278
9889
1358
4335
4034
4735
1395
313
536
791
1808
8625
6005
949
4750
8021
318
7140
3167
4251
5631
8601
249
1012
913
9312
1325
1496
8266
5901
9076
4445
2042
334
5032
2329
1322
2679
2542
1758
3370
4250
6635
9275
1451
1286
3548
1669
4678
6615
5820
209
1469
5969
7473
2282
1533
5050
10030
6051
7204
9006
6748
9146
9240
1681
1375
462
4260
169
8472
3883
671
5008
3058
2022
2546
6507
3591
7124
9374
9311
3585
7095
1532
7311
9277
9317
2261
9207
5269
9365
8113
1917
4764
3606
9850
2391
320
4011
2461
8693
4146
3032
3601
3456
4955
6047
6215
4798
9423
1842
4010
9260
8837
1794
6471
4367
1012
4985
3474
6181
602
7840
4350
1618
7698
4101
3910
7918
4364
2623
2863
8410
1907
6364
1766
6762
8663
7882
7813
4338
9624
8075
3499
4713
9769
6222
8980
7033
1107
8707
3114
7962
2799
7365
9480
397
7718
9642
4567
1982
8517
7331
292
325
9947
8310
3339
4863
2444
1052
9101
1968
9027
2500
2934
8697
8623
1814
5630
5982
421
4997
196
9472
8614
5929
6121
6232
5471
6941
8114
3889
4172
4658
4114
371
2868
3705
1486
5213
4658
488
3433
3585
2888
6267
8534
7763
4334
417
9998
1007
5314
10094
380
180
5923
6401
6312
1295
3242
678
1436
3666
5236
1802
290
4356
5407
1676
5821
9965
2064
9155
9803
1205
1674
8237
5220
5908
8554
5118
6816
120
5113
3448
200
936
6101
2764
8483
5596
9694
6171
5514
1182
7873
5704
1791
9533
3633
7512
5750
1949
6567
5453
9406
4494
3591
4527
302
8397
5897
3370
4770
910
6718
1222
8099
2720
239
6482
4568
9833
8906
9982
7268
6679
5587
8959
2464
5472
6371
8115
7321
9191
3468
6628
3585
3311
7407
3787
7961
3204
3410
2631
367
10028
3753
8366
9000
244
1100
3468
9978
9906
9703
7146
2838
5190
6005
5202
6914
8628
3217
4135
7719
2938
7015
1204
6149
4322
1244
4010
3779
4554
2893
4046
834
2899
8664
6087
3043
6016
5807
2921
2175
5410
6319
1265
6852
8576
6367
3666
7105
5837
4054
4724
5027
969
2181
1076
1544
3325
1339
1575
7779
484
1873
4865
3283
437
852
6227
2705
6560
5400
4780
8222
7972
5945
4975
6448
8565
8541
9805
654
2495
4430
5581
9717
6511
2909
1161
6088
4148
2636
3767
4533
4409
4884
4068
1098
5637
195
3703
8449
5496
4736
6571
9720
581
1446
6068
9046
6240
5774
9600
4987
6456
1433
4604
9219
4243
2017
5207
8291
905
5226
9076
1566
10010
3045
2564
5547
9492
2520
248
1240
7156
6720
860
3989
4418
3181
2936
558
8855
8788
5446
1563
122
6302
682
617
8220
5789
5160
9025
7267
4137
6844
7177
3434
5660
8977
9178
8080
9125
319
1488
5745
1079
5378
10064
4160
4566
6874
9267
9606
8572
730
5980
4775
7664
6497
9247
9705
1558
8172
6872
1947
1268
3950
1633
6829
9179
711
4809
8204
930
2550
3850
8262
4180
166
8674
8646
6940
4194
8152
5413
1176
385
6440
8741
6782
5587
4698
4592
10011
7823
2791
1180
8025
676
7909
7104
1288
8970
5208
8470
7772
8958
2984
1852
5376
7911
398
2217
2005
4803
3882
3081
5088
222
8074
8122
5709
9025
8967
5620
6748
8010
3052
4673
8587
861
1677
6127
6084
6785
849
3756
1996
3734
5509
7272
7897
2159
9389
9802
6862
9523
9135
8202
9645
3462
2577
1606
2387
7796
3479
5387
5706
6431
9960
545
3545
1537
2924
9529
4574
3674
9537
6470
3660
4946
3643
1457
7006
9284
7511
120
5060
6546
4575
4605
6260
7052
2464
4899
1100
5843
186
6706
8526
10046
3504
1971
7835
6328
7752
2310
9902
7190
8680
9814
2036
8575
1171
5294
4112
8582
5315
9072
1381
9790
3577
7541
3094
2293
2341
4094
4388
2427
7052
2815
8726
6808
4686
6461
3037
2339
5023
9191
9429
3604
8906
7717
8431
9977
2912
2443
4812
4479
1415
6093
521
1245
9886
3515
3438
8479
7509
7727
7159
813
6794
5785
7522
1380
8498
459
9971
3422
5902
9300
3278
4708
3270
7961
938
6082
305
5650
6813
7972
7995
7234
9117
4133
649
8808
2513
4410
2787
9572
5123
9481
1609
8897
7113
6359
5608
6985
6033
1411
2537
9211
2371
5707
7073
3209
8041
3630
5111
4754
1502
9358
1888
6872
3392
2437
5580
5805
3099
4619
1629
4475
352
9490
3272
7365
5749
8781
602
1683
10092
3040
7146
8715
4999
471
1825
2941
4001
3188
7595
5404
2447
5736
8528
5739
4425
4008
7796
7425
4879
5677
1800
1483
5067
4972
8748
7068
10005
5603
5003
6349
4895
2050
4965
9794
2421
6690
2635
2675
9778
6483
7979
8477
2119
2759
4116
6444
6667
8164
3769
7798
3741
1821
9181
8708
3046
4181
5677
2951
9684
6932
9201
4479
8882
418
4174
7556
7008
3061
131
3038
5796
4362
1416
7815
7021
1784
512
9940
9849
533
7638
3490
2255
3071
8451
5201
7152
380
4404
3089
7212
9857
3820
5995
175
4246
9803
3435
7208
9834
6374
2904
4096
4042
6972
7369
2078
7384
7209
1827
7817
1099
1570
6324
4070
9921
7777
7474
6553
2082
6815
3665
1839
536
5912
1915
4682
5615
1602
8142
5349
4228
7299
5697
8170
4171
2966
6501
7807
10075
4580
5524
7426
6050
8101
7748
2223
5778
5123
8676
7760
8190
8594
5852
8626
4406
4019
9561
9922
5521
7603
1523
9650
4802
7121
4072
8873
9987
473
6580
6315
4954
8357
9993
7256
6358
7642
9380
8388
2665
4308
6049
7107
2802
8153
5634
7109
2072
5095
6931
7493
8950
4706
7043
3653
1727
1016
8778
7967
7741
1611
534
2595
6220
427
9752
8830
7969
5384
7118
6886
9592
9419
3894
2295
3824
9428
9304
5796
775
2487
9542
9625
7093
2837
9530
5073
105
4561
9292
7747
6072
9726
242
8544
10053
6246
7274
7923
1530
644
1061
7375
6316
4855
9570
10040
535
5126
5737
7562
3865
5179
7088
7210
7916
2870
2183
7922
7331
1375
1921
9655
7353
8415
8099
7307
4562
1625
1482
2344
8522
8795
9619
4738
3551
5441
4678
338
6819
6667
7801
584
1746
1141
7695
5915
3911
6130
10089
7495
3758
1910
3402
1011
225
7754
4570
1039
9279
2304
9636
7701
1000
5507
8691
803
7201
3270
1041
3920
9837
8742
4405
7836
9783
8352
10003
9947
734
6344
3694
744
8154
6996
1656
4631
4650
2478
1923
182
4683
7811
4135
1935
3218
2727
2638
319
2249
3579
4140
1986
8574
4797
6074
8257
9401
5977
4456
10035
2221
8050
680
6627
4947
8588
7511
9497
7318
9334
5931
8253
7045
9967
10088
6515
2594
8978
3087
4743
2458
3479
2981
7284
8176
8956
5441
3829
1185
9798
116
9659
4100
7048
2538
8947
1888
9949
4697
9107
5535
528
7260
8832
395
3601
1600
9241
2479
4587
3884
1189
7966
3118
8373
2394
8326
10067
6123
9411
6117
6139
5322
117
9440
7761
8965
1228
3962
9914
235
5750
342
3748
4482
6990
7249
2334
6131
5980
6821
6268
7070
4687
9286
1695
3333
7512
1662
9356
3175
7679
1748
8398
4049
1088
2411
2914
8568
2625
9080
8704
8275
5674
8704
9010
2564
5853
1244
8596
8085
4318
4764
5055
5257
302
3003
8491
7714
4565
4099
789
8497
2099
5439
2446
9439
4102
1612
7908
6628
592
2864
4803
6166
1468
10065
8631
3573
7562
3479
1558
1780
4495
2866
6937
4697
5769
5328
8663
234
5680
5704
4983
7679
1044
7329
7019
5046
8841
4827
1574
9333
7591
2630
1752
5311
8947
6635
8784
6409
6366
242
4441
761
3008
1279
1710
5029
2859
273
1516
8439
5877
6399
2371
3173
3629
9290
8120
2370
369
5946
7956
4212
4828
5960
9423
10028
2495
8107
2689
8761
4601
7031
5774
3862
8210
7384
8791
7321
3909
207
2013
6038
6507
4284
9112
10036
3474
3484
8658
10095
5682
2866
4207
6763
8726
3530
6691
1121
7889
9280
6134
2390
2563
1808
2504
7025
9092
1196
4247
9253
7655
6160
5192
4062
344
4204
350
10070
7588
5261
10065
9522
8027
4172
6185
3006
3954
2776
4027
8095
8309
10062
6737
772
8122
9142
7698
7115
6590
8197
6268
4145
4257
7712
4460
853
1816
1062
7175
5656
6223
7140
5079
503
7564
7516
3409
7770
6545
3688
5765
4754
10002
2402
1778
8025
1444
5728
1392
4286
3825
3912
8332
4334
1525
9044
1439
9593
10006
8514
5150
2482
1906
6481
9237
5722
3897
8898
3392
342
2486
5409
1348
8741
7712
3027
6666
5408
8655
4310
9595
8733
8122
4179
2967
5899
3123
4307
5393
9381
9073
443
1763
880
3176
900
2854
6973
9698
6147
3568
8437
7808
4816
7078
5420
4095
9996
7081
9003
4206
2928
7636
8580
7007
6855
4380
6382
7414
9673
5663
6388
6368
3679
3520
5796
831
6274
2669
6782
8673
2489
5119
6382
3558
8449
8054
7553
8345
1387
6456
8803
4215
344
3635
7474
7100
7915
3756
766
3840
5672
3406
108
9251
6826
5804
9982
9353
4726
6664
4278
3467
8035
560
6925
6384
4867
731
981
6154
7087
6036
6622
3684
9572
3996
7036
7387
4005
7702
7480
9577
1009
7488
5080
4087
9545
4962
3340
523
7879
7519
242
5814
4331
7068
8451
9098
7699
9332
1505
1038
1621
8027
974
1093
8275
7910
4732
2180
1865
2112
8009
2774
5853
9341
6761
1650
556
6354
8425
8335
125
8567
401
4356
1887
8752
9707
5838
4337
1112
3129
5858
5391
4003
3203
3566
1814
7835
1999
3579
6200
9908
2605
1953
9150
5618
3503
9606
1872
1828
4193
8249
6647
4494
2506
8435
9499
2113
4173
3736
9477
3554
5846
4768
7458
8949
8234
5524
3036
133
9003
9136
6294
7860
7341
1696
3378
744
7554
1503
8824
7999
9652
5372
2393
8410
10059
8144
6775
484
1780
6152
3939
3878
820
1297
9079
5307
6721
8368
1692
1976
7404
7886
6088
4646
5834
5718
1642
9640
7121
367
7539
3026
1991
9833
7688
8302
4229
4364
8686
2262
416
8877
6040
7489
10074
1372
2696
3047
9640
640
1275
3296
8427
7263
4194
513
2882
5737
10054
6255
2356
7493
5533
599
3578
3122
8801
7708
7386
3739
9870
4054
2517
2162
1443
8843
3434
391
8143
2974
932
9318
6171
5611
2834
265
2376
1968
2254
2330
4475
862
9724
9909
1361
9554
9283
6414
7162
6569
10054
3284
6875
8823
5347
4571
7566
8681
1214
5609
7908
2046
1180
331
3909
266
6848
6186
8486
9003
4768
2861
9765
744
2670
7379
199
1853
3693
3613
4674
3647
6798
7802
2370
8397
2273
6189
6978
3387
8050
1138
1686
5482
1369
1847
5648
8118
7933
386
3373
8954
3148
9390
9598
5718
6669
6049
3824
263
5915
4750
162
8965
2452
8785
7262
4625
1226
492
4265
9176
1531
5851
911
9152
7598
2811
7170
1784
3098
6795
638
6146
6086
6488
8116
9007
2438
8192
5522
4605
2843
5585
3470
1547
622
632
2425
1748
1024
6590
7176
8807
2341
7987
7860
6191
7051
1282
7875
10049
7978
4765
6095
3964
7506
463
9223
6196
8556
4646
701
1299
6483
4071
9098
7005
4603
1423
5005
1879
7913
8433
587
6506
2673
8347
8950
9624
9529
3077
9573
3759
7743
1920
3975
5149
2283
3099
7597
739
7645
8198
8290
4028
2169
7289
7285
6672
4964
8542
4803
2778
6875
5290
5536
9448
9889
738
5324
5671
3716
4797
9330
7711
6617
3206
2760
5153
2557
6609
5792
102
4707
3983
382
6776
7524
3919
9700
2388
2361
4403
1418
9136
5946
3207
4837
2087
3845
10061
7658
7461
1111
3241
5072
3980
2699
4084
9033
5156
593
1078
1510
5200
4961
8144
8228
8737
1963
4180
1025
4224
4836
8696
9612
682
1803
701
2669
1900
7015
6580
9262
8026
6073
586
1906
8672
923
7192
10080
7768
8170
7842
9221
9383
5886
7349
8020
7749
1430
5297
8225
6166
3893
7737
3100
1948
8339
2021
3749
5254
4853
9263
9532
826
6101
7690
9398
6924
4782
5730
4593
9204
3472
3714
8487
9258
7315
2759
6907
8645
7957
5032
1063
8102
9022
415
6303
3613
2337
6304
8767
7090
5467
4551
4169
1468
2141
9819
4645
3176
5450
9138
2280
8822
9104
7020
7981
6319
9679
1140
4865
3888
2425
2180
8243
7699
8848
4446
1212
1085
7002
6231
4427
2369
682
8496
10089
9075
8216
4634
2151
9918
10024
684
8640
9028
7604
2873
5248
3535
266
6365
3676
8943
4797
1819
6542
3545
2517
7654
882
9419
137
1562
8040
719
9958
4381
9694
4426
5268
1746
596
5192
8682
9137
473
6186
8262
5621
5973
4780
8238
9549
3623
2935
7620
6417
2733
6389
323
3515
2060
360
4977
6352
7331
1188
634
6926
1866
5802
4924
2363
7246
3506
7752
7619
5944
2266
3140
1817
6947
7630
7619
6822
466
1491
9492
9451
7781
9715
2866
6093
6328
4096
2346
3559
5184
9232
6737
6950
4934
1561
5565
2080
1319
3217
9600
3515
1736
8992
1585
4935
6523
9104
1657
3241
6847
1049
8944
880
7017
1710
6874
9597
5706
5472
3056
7142
4604
9694
345
9438
7507
5810
7770
8727
5280
3622
8494
6916
2515
9979
1751
5290
5335
9660
4783
2083
6962
3627
2863
231
1589
9637
9728
7196
5009
2684
590
5865
8630
835
5203
6038
2898
9226
1017
8078
2748
9411
1246
1515
9291
2897
6705
878
8809
7740
2861
5671
1267
5625
5802
9109
1514
1782
2557
2776
4367
3047
8541
9249
3783
9997
1539
6581
9123
2456
911
8123
8120
2057
9539
3663
1206
2496
4441
9915
137
3555
1839
7656
9080
3893
6665
6846
5576
9122
9522
6195
8422
4316
5344
2105
4213
6784
4938
9588
5492
5749
7611
9864
4058
7050
3427
5164
9447
4121
4979
5836
7576
3070
9744
2908
6864
6310
9654
2340
1684
5429
8435
10006
9645
3679
8363
110
6715
3201
9598
2108
5202
7109
1872
9160
412
1552
576
6111
1925
1808
1847
9401
4778
1491
8561
1542
4053
8115
134
1990
3444
8469
1896
9341
8401
6512
9351
5016
5965
8849
3376
1068
2211
1501
6480
2523
2953
6957
8534
1130
8665
6633
6783
9695
4376
5244
1138
4682
3259
1172
6572
2956
5894
4720
2197
4195
1132
7801
5463
6998
6550
8740
4318
5013
141
7050
7436
9346
3907
2222
376
8824
8755
7059
8420
3032
2203
5810
7614
1714
6882
438
922
9028
5058
9372
3123
2443
7073
8487
9341
9875
3479
9911
4789
3520
6861
8477
9118
7021
600
9394
5745
9255
2705
417
8539
1160
6127
2405
9126
9262
2743
6301
8190
7702
5573
1214
10045
8898
5953
5638
5025
9332
1801
6066
9104
8562
4444
8122
1835
4944
3768
3833
451
2725
4150
5243
137
178
7548
9163
5692
192
5364
3782
4146
7189
1248
4091
5987
7101
5981
7265
2685
7682
3231
8041
2496
7575
2415
4232
8771
2435
4317
5475
5060
8367
618
5097
4797
4418
513
389
4510
2129
424
8556
9219
1572
8899
1458
4926
4780
8623
3863
8714
8107
1805
1111
5582
4120
1595
606
6456
5812
5981
7768
431
2851
9118
5129
7169
9531
1770
7932
7912
2094
2740
7031
3567
1540
4742
4745
2572
9617
8508
1187
7624
213
8550
9459
586
10045
9965
6942
2109
2198
4610
2440
4949
3628
7469
8370
9411
5492
6202
7224
7486
8843
507
7305
6635
5149
1950
9107
1019
6711
194
8543
6824
8644
4254
7310
4941
4119
504
6950
2569
1367
5643
7418
1247
9364
2041
559
4756
4495
4035
8495
3238
4442
5700
9773
5844
3903
5133
3115
514
5227
7910
3590
124
2065
7153
4965
2436
3909
8168
4906
5176
3711
8576
2676
2975
517
3135
7632
4913
3422
6027
4403
4116
7979
429
9860
1782
5462
2875
8548
589
686
8391
6965
9003
1796
1831
1339
5605
6251
6145
7034
9862
974
9610
2737
1391
8997
6621
2556
2319
8900
6860
6335
6780
3541
2448
4814
8903
1575
9615
5744
8513
7906
2610
7416
5954
693
5008
1459
6844
1053
4745
6606
1927
4255
5595
9571
9504
8469
2027
1723
7269
5139
4311
3949
8580
6659
5016
3735
4486
4531
9380
2900
8689
1890
6568
4543
8835
1476
2254
5579
8782
3252
8437
609
7407
284
6432
3164
8653
4712
4787
2175
6103
5350
2376
936
1909
7292
4571
2648
8075
3851
5448
6664
1993
1916
7459
7080
9645
5966
2559
8327
9118
7248
5188
2777
3785
1521
5841
8690
6133
6881
765
8488
2131
3042
9324
293
6586
3796
2841
4562
3899
8189
7478
2145
6357
1190
9125
5902
7056
7937
4129
2426
1437
9218
5103
5122
6991
845
3713
9376
3978
730
7764
6009
10024
6989
6202
6511
7037
8943
7325
7188
3384
4703
5585
5994
2145
4611
1796
9101
8800
2178
7779
6489
7648
2783
7864
4539
9880
7829
167
3758
8459
7831
6019
8384
1072
2122
1147
4361
7317
8372
1450
602
9327
6935
6496
1373
7798
4544
6726
2850
6622
4406
9240
522
7089
7004
4961
3221
4733
1380
3231
9444
9112
9150
7728
6436
1172
8775
698
4742
3399
8400
5244
2627
5235
7992
3900
9286
2436
6878
2036
5311
1184
7528
5733
4525
4432
6947
7646
5417
8227
7129
4762
3591
6180
2390
9928
3604
7418
6878
8246
717
5178
9742
9596
6665
7634
3396
5851
6323
175
4140
1534
7611
1568
7167
2037
2253
4014
5935
7570
8494
2965
2232
1985
5397
875
1813
5253
8193
8591
3400
5162
10021
9394
4659
6587
6929
4307
8690
9504
4382
2730
938
8246
551
4357
183
2704
4624
2370
174
3018
1587
8659
4903
6884
9434
2969
8390
7527
1460
8042
8941
7734
7336
3500
4221
517
7708
2811
9921
8342
1794
759
2840
2245
1369
2923
4849
5893
1546
1275
8811
3033
9834
3614
6170
9168
2835
4460
2947
548
2402
8141
8182
9638
1541
2303
6408
5501
1366
6229
10096
3060
3241
2836
1557
4510
2012
6306
303
3458
3834
9014
6391
9920
8880
8813
8989
7968
3173
8188
8416
5475
6229
6498
1366
4023
5053
7674
5776
6319
155
5772
9280
3296
4861
737
7706
6773
3296
4261
6483
3382
9527
9126
3202
4660
7840
8443
2528
913
6532
844
2641
9013
3594
3907
2936
8547
7833
8613
4766
7888
637
298
1085
5398
7288
5043
8423
6836
5557
1158
118
4984
185
3220
5896
7925
1564
8324
5090
4348
5420
3983
3261
5266
4142
2450
3713
1875
7315
4732
9664
7852
1282
7001
9503
4822
8296
7826
1558
3753
8885
7928
4990
5322
7401
786
9499
5217
5363
4489
9465
7035
4725
8978
2202
8767
1328
2167
543
4895
3151
6459
2648
686
9712
2051
5408
7908
6129
3219
7914
4914
1047
2804
136
8348
3490
9535
3465
5105
277
9182
2041
4902
4413
4143
9921
1993
2562
364
6789
1966
3075
9337
2552
2687
7640
7860
496
3669
979
8310
4836
8279
7366
1224
6527
7108
7012
6245
2114
3541
1679
4055
4695
5992
4450
4516
4238
3264
1133
927
5130
4108
6516
7582
6696
4056
1695
3444
7625
8926
8006
8713
7105
5272
9838
9885
2280
6750
2382
646
191
3961
4601
4786
6206
5303
9202
344
4820
235
1171
9850
596
7587
7333
3544
7895
5280
6888
5420
4106
4794
386
1112
6318
124
897
4850
3126
3179
5397
9569
3392
6250
4255
9498
1454
9709
9742
6174
6197
7165
2276
3045
1004
5861
6489
8799
1041
3277
472
5048
4323
758
2412
6893
7134
3209
1643
160
2640
6940
9629
2284
3091
136
1683
797
6097
7677
3223
8546
1095
5399
1491
1999
1161
7880
7051
8454
7409
7423
3402
7984
8081
2066
4777
5115
5175
2673
1527
4067
9513
1056
6252
8856
7444
4187
9553
3441
8116
9028
1888
5463
4328
3279
7363
1741
7412
4314
10095
1073
7989
9750
8958
2322
1716
9987
7337
3144
2560
5116
3463
8326
6072
5967
7082
3416
6406
2888
6757
775
1816
4897
6138
2396
4429
9753
389
8093
3967
6737
9066
8208
6387
4276
430
4355
4164
7667
3751
6624
9035
3467
4850
5007
9334
8185
4675
1993
973
7685
2668
9041
2482
8706
1338
3163
8360
1627
1156
8579
8264
123
6688
903
4299
7018
1511
4715
938
5162
1240
9873
8529
2342
1133
4116
427
2060
6009
7652
9645
4929
6594
8380
9887
4184
1443
8147
5711
8852
2979
228
8875
9567
1031
9426
2837
2442
4042
10027
3857
1534
6153
8638
128
7186
2654
6808
9146
4915
4360
5044
6096
7206
3324
5884
1290
1019
3931
3254
9771
3162
3382
4898
8981
665
577
1719
3008
871
7998
3117
2305
4051
1655
2333
7489
562
5393
6536
5377
6006
7832
1374
3112
1056
3510
655
8327
7341
3809
4351
6756
3443
9149
5637
4008
5978
7256
3268
6749
5155
6285
5306
5458
7841
3892
2848
8303
9185
5636
9932
5091
3368
7558
8104
676
968
5011
8903
4562
8720
3154
1218
8415
8556
6755
2323
4434
264
5492
7436
5319
8029
2642
7029
5770
6434
9777
325
5520
5313
158
511
8581
7616
4867
9157
4837
6130
4313
9299
1102
7367
417
9417
2175
7072
7993
2862
7236
3385
198
8807
7666
9092
5737
3337
5427
1766
3562
7199
6980
9972
3962
5461
7489
8730
871
2226
4760
5084
7777
5763
8703
8094
1432
7131
1418
9325
9893
8555
8962
6343
3614
6529
1687
5603
9766
7014
7270
9580
465
4150
9453
4328
