102
105
107
108
110
112
112
114
115
116
116
116
116
117
117
118
119
120
120
121
122
122
123
123
124
124
124
125
125
125
128
128
129
129
129
131
132
133
134
136
136
136
136
137
137
137
138
141
142
143
144
144
148
151
155
158
160
161
162
162
162
164
165
165
165
166
167
167
169
170
174
175
175
175
178
179
180
181
181
181
182
182
183
183
184
184
185
185
185
185
186
187
189
190
191
191
191
192
194
195
195
196
198
198
199
199
200
200
201
205
207
209
210
210
210
213
215
216
217
220
222
223
224
224
224
225
225
226
228
230
231
234
235
235
236
238
239
242
242
242
243
244
245
246
247
248
249
249
251
252
252
254
256
256
257
260
261
261
263
264
265
265
266
266
267
269
270
273
275
277
277
278
278
279
280
282
282
283
284
286
290
290
291
291
292
293
293
294
295
298
299
302
302
303
303
304
305
305
308
309
313
313
315
318
318
319
319
320
322
323
324
324
324
325
325
327
331
331
332
334
335
336
337
338
338
339
342
342
344
344
344
344
344
345
348
350
350
352
352
354
355
355
355
360
360
364
364
367
367
367
369
370
371
375
376
377
379
380
380
380
382
383
385
386
386
387
389
389
391
391
392
393
395
397
397
398
400
400
401
405
408
409
410
411
412
413
415
415
415
416
417
417
417
418
418
420
420
421
422
424
425
427
427
429
429
429
430
431
431
431
432
437
438
440
440
442
443
443
444
444
449
449
451
451
453
453
454
458
459
459
460
461
462
463
464
465
465
466
467
467
468
468
469
471
472
473
473
474
475
477
478
479
479
479
480
481
482
482
484
484
488
488
492
493
495
496
496
497
498
500
500
500
501
503
503
503
503
503
504
505
505
507
509
510
510
510
511
512
513
513
514
516
517
517
518
519
520
520
521
522
523
524
525
525
526
528
533
533
534
535
535
535
536
536
537
538
538
539
539
540
542
543
545
548
550
550
551
551
556
558
558
558
558
559
560
562
563
565
566
567
568
568
569
571
571
573
573
575
576
576
577
578
579
579
580
581
581
581
582
584
584
584
585
586
586
587
588
589
589
590
591
592
592
592
593
593
596
596
596
597
597
598
599
600
600
601
602
602
602
602
603
603
603
606
606
607
607
609
609
610
614
617
617
618
618
618
619
620
622
622
622
623
623
625
625
626
631
632
633
634
637
638
640
640
640
641
644
644
644
645
646
647
649
649
650
651
651
654
655
655
656
658
659
659
664
664
665
665
667
667
668
669
669
669
671
672
672
674
676
676
676
676
678
680
680
681
682
682
682
683
684
685
686
686
686
689
693
693
695
696
696
697
698
701
701
701
703
703
704
706
706
706
707
707
711
711
712
714
715
716
716
717
717
719
720
720
721
727
728
730
730
730
730
731
734
734
735
737
737
738
738
739
741
741
742
744
744
744
745
745
745
745
745
746
749
750
751
751
751
752
752
754
755
756
756
757
757
758
759
759
759
760
760
760
761
762
762
762
764
764
765
765
766
766
768
769
772
772
774
775
775
775
776
778
778
779
781
782
784
785
786
786
786
787
789
791
791
792
796
796
797
797
797
801
802
802
803
803
803
803
807
807
807
809
810
811
811
812
813
813
814
815
816
817
817
820
820
820
822
822
823
824
824
826
830
831
831
832
834
835
835
836
839
842
843
844
845
846
846
846
848
848
849
849
850
852
852
853
859
859
860
861
862
864
865
867
871
871
871
873
875
877
878
879
879
880
880
880
882
887
887
888
890
890
891
893
893
896
897
897
897
900
901
901
901
902
903
905
908
909
910
911
911
911
911
912
913
913
916
916
921
922
923
924
926
926
927
927
927
929
930
930
931
932
932
933
933
934
936
936
937
938
938
938
941
943
944
945
945
948
949
950
951
953
953
954
958
959
959
961
963
966
966
967
968
968
969
970
972
972
972
973
973
973
974
974
974
975
976
979
980
981
982
983
986
988
988
988
992
992
994
996
997
997
997
999
1000
1003
1003
1004
1004
1004
1005
1005
1007
1008
1009
1011
1011
1012
1012
1012
1014
1016
1016
1017
1018
1019
1019
1019
1022
1023
1023
1024
1024
1025
1025
1028
1030
1031
1031
1032
1032
1034
1036
1036
1036
1037
1038
1038
1039
1040
1041
1041
1042
1043
1043
1044
1045
1045
1045
1047
1049
1049
1051
1052
1052
1053
1053
1054
1054
1056
1056
1060
1061
1061
1061
1061
1062
1063
1067
1068
1072
1073
1073
1074
1076
1078
1078
1079
1079
1079
1080
1083
1085
1085
1086
1087
1088
1088
1088
1088
1090
1090
1093
1094
1094
1095
1095
1096
1096
1098
1098
1098
1099
1099
1099
1100
1100
1100
1102
1102
1103
1104
1105
1105
1105
1105
1105
1106
1106
1107
1109
1109
1110
1111
1111
1111
1112
1112
1114
1116
1117
1117
1118
1119
1119
1120
1120
1120
1121
1127
1129
1130
1131
1132
1132
1132
1133
1133
1133
1134
1134
1137
1138
1138
1140
1140
1141
1142
1144
1146
1147
1151
1152
1156
1158
1160
1161
1161
1166
1168
1169
1170
1170
1171
1171
1171
1172
1172
1172
1176
1177
1178
1179
1180
1180
1180
1180
1181
1182
1182
1182
1184
1185
1185
1187
1188
1188
1189
1190
1192
1195
1196
1196
1197
1197
1197
1199
1202
1203
1203
1203
1204
1205
1205
1206
1207
1207
1207
1209
1212
1214
1214
1215
1215
1215
1216
1216
1218
1218
1221
1222
1224
1225
1226
1226
1228
1228
1231
1231
1232
1232
1233
1238
1240
1240
1240
1240
1241
1241
1244
1244
1244
1244
1245
1245
1246
1246
1247
1247
1248
1248
1249
1250
1258
1259
1260
1263
1265
1265
1266
1267
1268
1268
1274
1274
1274
1274
1275
1275
1277
1279
1279
1282
1282
1283
1286
1286
1286
1287
1288
1288
1288
1288
1290
1290
1290
1295
1295
1296
1296
1297
1299
1299
1303
1303
1304
1306
1311
1315
1316
1318
1319
1319
1320
1322
1322
1322
1325
1325
1328
1328
1328
1328
1329
1330
1335
1336
1337
1338
1339
1339
1341
1341
1342
1348
1348
1350
1350
1351
1351
1356
1356
1357
1358
1358
1358
1358
1358
1360
1361
1363
1363
1363
1365
1366
1366
1367
1367
1367
1367
1368
1369
1369
1369
1369
1371
1372
1372
1372
1373
1374
1375
1375
1376
1378
1378
1380
1380
1380
1381
1383
1383
1387
1388
1390
1391
1392
1392
1393
1395
1397
1397
1398
1399
1400
1401
1402
1403
1404
1406
1407
1407
1407
1409
1410
1411
1415
1416
1417
1418
1418
1420
1423
1423
1424
1429
1430
1430
1430
1432
1433
1433
1433
1435
1435
1436
1437
1439
1439
1439
1442
1443
1443
1443
1444
1446
1446
1447
1447
1449
1449
1449
1449
1450
1450
1450
1450
1450
1451
1451
1454
1455
1457
1457
1458
1458
1459
1460
1462
1462
1462
1463
1464
1467
1468
1468
1468
1469
1472
1475
1476
1479
1481
1481
1482
1483
1486
1488
1488
1491
1491
1491
1492
1494
1495
1495
1496
1499
1499
1501
1502
1502
1503
1505
1505
1510
1510
1511
1514
1515
1515
1515
1516
1516
1517
1519
1519
1519
1520
1521
1523
1523
1525
1525
1526
1527
1527
1529
1530
1531
1531
1531
1532
1532
1533
1533
1533
1534
1534
1537
1537
1538
1539
1540
1540
1541
1541
1541
1542
1543
1544
1544
1546
1547
1547
1548
1549
1549
1550
1550
1550
1551
1552
1557
1558
1558
1558
1560
1561
1562
1562
1563
1564
1565
1565
1566
1567
1567
1568
1568
1570
1570
1570
1572
1574
1575
1575
1575
1576
1578
1578
1579
1579
1580
1583
1584
1585
1585
1586
1586
1586
1587
1589
1590
1591
1591
1592
1592
1592
1593
1595
1595
1596
1597
1599
1600
1602
1604
1606
1608
1609
1609
1609
1611
1611
1611
1612
1615
1616
1618
1618
1618
1620
1621
1621
1623
1625
1626
1627
1627
1627
1627
1628
1628
1629
1629
1630
1631
1631
1632
1633
1635
1636
1637
1637
1639
1640
1641
1641
1641
1641
1642
1643
1643
1644
1644
1645
1645
1645
1646
1646
1646
1649
1650
1651
1653
1654
1655
1656
1657
1659
1659
1662
1664
1666
1667
1668
1669
1670
1671
1671
1671
1672
1673
1674
1676
1677
1679
1679
1679
1680
1681
1682
1683
1683
1684
1684
1684
1684
1685
1685
1686
1686
1687
1690
1691
1692
1694
1695
1695
1695
1695
1695
1696
1696
1696
1697
1701
1701
1702
1702
1703
1704
1708
1708
1709
1709
1710
1710
1711
1713
1713
1713
1714
1714
1716
1716
1717
1718
1718
1718
1719
1720
1723
1723
1723
1725
1725
1726
1726
1727
1728
1728
1731
1732
1732
1732
1732
1734
1735
1735
1735
1735
1736
1737
1738
1740
1740
1741
1742
1743
1744
1744
1745
1746
1746
1748
1748
1748
1751
1751
1752
1755
1756
1758
1758
1760
1761
1763
1765
1766
1766
1769
1770
1776
1777
1777
1778
1780
1780
1780
1780
1782
1782
1783
1784
1784
1787
1788
1789
1790
1791
1791
1792
1792
1792
1793
1794
1794
1794
1794
1794
1795
1796
1796
1796
1797
1798
1798
1799
1800
1801
1802
1802
1803
1804
1804
1804
1805
1805
1807
1808
1808
1808
1808
1809
1810
1810
1813
1814
1814
1814
1816
1816
1817
1818
1819
1819
1819
1819
1821
1822
1825
1825
1825
1826
1826
1827
1827
1827
1828
1828
1830
1831
1831
1831
1832
1832
1832
1834
1835
1839
1839
1840
1841
1841
1842
1842
1843
1846
1847
1847
1847
1848
1850
1852
1852
1853
1853
1855
1856
1856
1859
1859
1861
1861
1863
1865
1866
1866
1867
1871
1872
1872
1873
1873
1874
1875
1878
1878
1878
1878
1879
1879
1880
1880
1880
1881
1883
1887
1888
1888
1888
1890
1891
1893
1893
1894
1896
1898
1898
1900
1902
1902
1902
1906
1906
1906
1907
1907
1907
1909
1909
1910
1910
1912
1912
1913
1914
1915
1915
1915
1915
1916
1916
1916
1917
1920
1920
1921
1922
1923
1925
1926
1927
1930
1931
1932
1932
1933
1935
1935
1936
1938
1940
1940
1941
1943
1947
1947
1948
1949
1949
1950
1951
1953
1953
1955
1958
1961
1962
1962
1962
1963
1964
1966
1966
1967
1968
1968
1969
1970
1970
1971
1972
1974
1974
1975
1975
1976
1976
1978
1979
1980
1981
1982
1984
1985
1985
1986
1990
1990
1991
1992
1992
1993
1993
1993
1993
1994
1995
1996
1997
1999
1999
2000
2000
2000
2003
2004
2005
2005
2008
2009
2011
2012
2013
2017
2017
2018
2021
2021
2022
2024
2027
2027
2028
2028
2029
2029
2031
2034
2036
2036
2036
2037
2038
2038
2039
2040
2040
2041
2041
2041
2041
2042
2042
2044
2046
2050
2051
2051
2051
2054
2055
2057
2057
2057
2058
2060
2060
2061
2062
2062
2063
2064
2064
2065
2066
2066
2066
2066
2067
2067
2071
2072
2074
2076
2077
2078
2080
2080
2082
2083
2084
2087
2088
2091
2091
2092
2094
2095
2095
2096
2096
2096
2096
2098
2098
2099
2100
2101
2104
2105
2106
2106
2108
2108
2108
2108
2109
2109
2110
2112
2112
2113
2114
2114
2115
2116
2119
2122
2125
2127
2127
2128
2129
2129
2129
2131
2132
2132
2133
2135
2136
2141
2141
2141
2141
2144
2145
2145
2146
2150
2150
2150
2151
2152
2154
2156
2157
2159
2159
2162
2164
2165
2165
2167
2169
2174
2175
2175
2175
2175
2178
2178
2178
2179
2179
2180
2180
2181
2182
2182
2182
2182
2183
2185
2186
2186
2189
2191
2191
2196
2197
2198
2198
2198
2202
2203
2203
2211
2212
2212
2214
2214
2215
2216
2217
2220
2220
2221
2222
2223
2223
2224
2225
2226
2226
2227
2228
2229
2231
2232
2233
2233
2238
2239
2244
2245
2247
2249
2249
2249
2250
2252
2253
2254
2254
2254
2255
2255
2256
2256
2258
2261
2262
2265
2266
2268
2268
2269
2270
2270
2271
2273
2273
2276
2277
2278
2280
2280
2281
2282
2282
2283
2283
2284
2287
2288
2288
2290
2292
2293
2294
2295
2295
2295
2295
2295
2299
2303
2304
2305
2307
2307
2310
2310
2314
2319
2320
2322
2323
2323
2324
2324
2326
2328
2329
2330
2330
2332
2332
2333
2333
2334
2334
2336
2337
2338
2339
2339
2340
2340
2341
2341
2342
2342
2344
2346
2346
2348
2348
2349
2350
2353
2354
2354
2354
2355
2356
2356
2358
2358
2361
2363
2363
2364
2365
2367
2368
2368
2369
2370
2370
2370
2370
2371
2371
2371
2372
2373
2373
2374
2376
2376
2378
2379
2379
2380
2380
2380
2382
2385
2385
2386
2387
2387
2387
2388
2389
2390
2390
2390
2391
2391
2392
2393
2394
2394
2396
2396
2398
2398
2402
2402
2405
2406
2406
2406
2407
2408
2410
2410
2411
2411
2412
2415
2417
2418
2421
2421
2422
2423
2424
2425
2425
2426
2427
2429
2431
2431
2432
2432
2435
2436
2436
2437
2438
2438
2440
2442
2442
2443
2443
2444
2446
2447
2447
2448
2448
2448
2450
2450
2450
2452
2452
2455
2455
2456
2457
2458
2459
2460
2461
2462
2464
2464
2464
2465
2466
2469
2469
2470
2470
2470
2471
2471
2471
2472
2474
2476
2477
2478
2478
2479
2480
2480
2481
2481
2482
2482
2483
2485
2485
2486
2487
2488
2489
2490
2491
2492
2493
2493
2494
2495
2495
2495
2496
2496
2496
2497
2498
2499
2499
2500
2504
2505
2505
2505
2506
2506
2509
2511
2512
2513
2514
2514
2514
2515
2517
2517
2517
2520
2522
2523
2527
2528
2528
2531
2537
2538
2539
2542
2542
2542
2543
2546
2549
2550
2551
2552
2552
2552
2554
2556
2557
2557
2559
2559
2560
2560
2562
2562
2563
2564
2564
2565
2567
2569
2569
2572
2573
2574
2574
2574
2576
2577
2580
2584
2584
2585
2586
2588
2588
2589
2590
2591
2591
2594
2595
2595
2595
2598
2599
2600
2602
2604
2604
2605
2605
2605
2606
2607
2608
2608
2609
2610
2611
2611
2612
2615
2616
2619
2620
2622
2622
2623
2623
2625
2626
2627
2628
2628
2629
2630
2631
2631
2633
2633
2635
2635
2636
2638
2640
2640
2641
2642
2644
2645
2645
2648
2648
2648
2650
2653
2654
2655
2656
2657
2657
2662
2663
2663
2665
2668
2668
2668
2669
2669
2669
2669
2669
2670
2671
2671
2671
2672
2672
2673
2673
2673
2675
2675
2676
2676
2676
2677
2679
2681
2682
2684
2684
2684
2685
2685
2685
2686
2687
2687
2687
2689
2690
2693
2694
2696
2699
2699
2701
2702
2704
2704
2705
2705
2706
2706
2708
2710
2710
2712
2717
2717
2720
2720
2721
2725
2726
2726
2726
2727
2729
2730
2731
2731
2731
2733
2733
2734
2735
2736
2736
2737
2738
2739
2739
2739
2740
2743
2745
2746
2746
2747
2748
2748
2749
2750
2750
2750
2752
2756
2756
2758
2759
2759
2759
2760
2764
2766
2770
2772
2773
2774
2776
2776
2777
2778
2778
2780
2781
2781
2783
2783
2783
2786
2787
2788
2789
2790
2790
2791
2792
2795
2798
2798
2799
2799
2802
2804
2804
2808
2809
2809
2810
2810
2811
2811
2811
2811
2812
2813
2814
2814
2815
2816
2820
2820
2826
2826
2828
2828
2834
2835
2836
2836
2837
2837
2838
2840
2840
2841
2843
2848
2848
2849
2850
2851
2851
2852
2852
2852
2853
2854
2854
2856
2858
2858
2859
2859
2860
2861
2861
2862
2863
2863
2863
2864
2865
2865
2865
2866
2866
2866
2866
2866
2868
2869
2870
2870
2871
2871
2873
2874
2874
2875
2877
2879
2879
2879
2882
2882
2882
2882
2882
2886
2886
2887
2888
2888
2889
2889
2889
2890
2890
2891
2893
2893
2893
2897
2897
2898
2898
2898
2899
2900
2902
2904
2904
2906
2908
2909
2911
2912
2912
2913
2914
2914
2916
2916
2917
2920
2921
2922
2923
2923
2923
2924
2925
2927
2927
2928
2930
2931
2933
2934
2935
2935
2936
2936
2937
2938
2938
2939
2941
2942
2942
2942
2944
2945
2947
2948
2948
2949
2950
2951
2951
2952
2953
2954
2954
2954
2955
2955
2956
2956
2956
2958
2958
2961
2962
2962
2963
2964
2965
2965
2965
2966
2966
2967
2967
2969
2971
2971
2972
2973
2974
2975
2975
2976
2977
2977
2978
2979
2979
2979
2981
2984
2985
2988
2988
2988
2990
2992
2993
2993
2994
2994
2995
2996
2997
2998
2998
2999
3003
3006
3007
3007
3008
3008
3008
3008
3009
3013
3013
3015
3016
3016
3018
3019
3020
3020
3023
3025
3026
3027
3027
3031
3032
3032
3033
3033
3033
3034
3036
3036
3036
3036
3037
3037
3038
3040
3040
3040
3041
3041
3042
3042
3042
3043
3043
3044
3045
3045
3045
3046
3046
3047
3047
3048
3049
3049
3051
3051
3052
3053
3056
3056
3058
3059
3059
3060
3061
3061
3066
3068
3068
3070
3070
3071
3071
3072
3072
3074
3075
3077
3077
3078
3079
3081
3083
3086
3087
3088
3089
3089
3090
3091
3094
3094
3094
3096
3097
3098
3099
3099
3099
3099
3100
3101
3101
3103
3104
3109
3110
3111
3112
3112
3113
3114
3114
3115
3115
3115
3116
3117
3117
3118
3119
3121
3122
3122
3122
3123
3123
3124
3125
3126
3126
3127
3128
3129
3131
3133
3133
3134
3135
3136
3138
3140
3141
3142
3144
3144
3146
3146
3147
3148
3148
3149
3150
3151
3153
3154
3154
3158
3161
3162
3163
3163
3164
3165
3167
3168
3170
3170
3172
3173
3173
3173
3175
3176
3176
3176
3178
3178
3178
3179
3181
3181
3181
3182
3186
3186
3187
3188
3188
3188
3188
3190
3191
3191
3192
3194
3196
3198
3198
3201
3201
3201
3202
3203
3204
3205
3205
3205
3206
3207
3207
3208
3208
3209
3209
3209
3212
3212
3212
3213
3214
3214
3217
3217
3217
3217
3218
3219
3219
3220
3220
3221
3222
3222
3222
3223
3223
3223
3225
3228
3229
3230
3230
3231
3231
3231
3231
3233
3233
3233
3235
3236
3236
3238
3240
3241
3241
3241
3242
3245
3245
3248
3251
3252
3254
3254
3256
3257
3257
3259
3259
3260
3260
3261
3263
3264
3264
3265
3268
3268
3268
3269
3270
3270
3272
3272
3273
3274
3275
3277
3277
3277
3278
3278
3278
3279
3283
3284
3284
3286
3286
3288
3289
3289
3289
3290
3292
3293
3296
3296
3296
3299
3300
3302
3303
3304
3306
3308
3308
3309
3310
3311
3312
3313
3313
3315
3316
3319
3322
3324
3324
3324
3325
3327
3328
3328
3329
3330
3331
3333
3335
3335
3335
3336
3337
3339
3339
3340
3340
3349
3351
3352
3352
3353
3353
3354
3355
3357
3358
3360
3360
3361
3361
3366
3366
3368
3369
3369
3370
3370
3370
3372
3373
3375
3375
3376
3376
3377
3378
3379
3382
3382
3382
3384
3385
3385
3387
3387
3392
3392
3392
3392
3393
3395
3396
3396
3397
3399
3399
3400
3400
3400
3402
3402
3404
3405
3406
3406
3409
3409
3410
3412
3416
3416
3417
3421
3422
3422
3422
3422
3427
3430
3432
3433
3433
3434
3434
3434
3435
3435
3436
3438
3438
3440
3441
3441
3442
3443
3444
3444
3446
3448
3451
3454
3455
3455
3456
3456
3456
3457
3457
3458
3462
3463
3463
3463
3465
3467
3467
3468
3468
3468
3468
3469
3469
3470
3470
3471
3471
3472
3473
3473
3474
3474
3476
3477
3479
3479
3479
3479
3484
3485
3487
3488
3490
3490
3495
3495
3496
3496
3497
3497
3499
3500
3500
3501
3503
3503
3503
3504
3504
3506
3506
3508
3508
3509
3510
3512
3513
3515
3515
3515
3515
3516
3520
3520
3521
3524
3525
3527
3527
3530
3533
3534
3535
3536
3537
3538
3538
3539
3540
3541
3541
3542
3544
3545
3545
3545
3546
3546
3546
3547
3548
3548
3551
3551
3553
3553
3554
3554
3555
3555
3557
3558
3559
3559
3561
3561
3562
3562
3562
3562
3562
3566
3567
3568
3568
3568
3569
3571
3573
3573
3574
3577
3578
3578
3579
3579
3581
3584
3585
3585
3585
3585
3586
3586
3589
3590
3590
3591
3591
3591
3594
3595
3601
3601
3603
3604
3604
3604
3605
3605
3606
3606
3609
3610
3611
3611
3612
3612
3612
3613
3613
3613
3614
3614
3614
3615
3618
3621
3622
3623
3624
3627
3628
3628
3629
3630
3630
3633
3634
3635
3636
3637
3639
3640
3640
3641
3642
3642
3643
3644
3647
3648
3649
3650
3650
3652
3653
3653
3656
3659
3660
3660
3662
3663
3663
3665
3666
3666
3666
3668
3669
3669
3669
3671
3673
3674
3674
3674
3674
3676
3679
3679
3680
3681
3682
3683
3683
3684
3686
3686
3686
3686
3688
3689
3693
3693
3694
3695
3695
3696
3697
3697
3699
3703
3703
3703
3705
3705
3707
3707
3708
3708
3708
3711
3713
3713
3714
3715
3716
3716
3716
3717
3717
3718
3718
3719
3719
3723
3724
3733
3734
3735
3735
3736
3737
3737
3739
3741
3741
3742
3743
3744
3748
3748
3749
3750
3751
3751
3751
3753
3753
3753
3756
3756
3757
3758
3758
3758
3758
3759
3759
3759
3760
3760
3761
3764
3765
3767
3767
3767
3768
3769
3769
3769
3769
3770
3773
3778
3779
3779
3782
3782
3783
3785
3785
3786
3787
3788
3789
3789
3791
3792
3792
3793
3793
3795
3796
3796
3798
3801
3802
3808
3809
3809
3811
3811
3819
3820
3823
3824
3824
3825
3827
3827
3829
3832
3833
3834
3834
3839
3839
3840
3840
3842
3845
3849
3850
3851
3855
3857
3857
3859
3859
3860
3860
3860
3861
3861
3862
3862
3863
3863
3863
3865
3869
3870
3872
3872
3874
3876
3878
3879
3879
3879
3879
3880
3881
3882
3882
3883
3883
3884
3884
3886
3887
3887
3888
3889
3889
3889
3890
3890
3892
3893
3893
3894
3894
3895
3895
3896
3896
3896
3897
3898
3898
3899
3900
3900
3902
3902
3903
3903
3905
3906
3907
3907
3909
3909
3909
3910
3910
3910
3911
3912
3912
3913
3914
3917
3919
3920
3921
3922
3923
3925
3928
3929
3931
3933
3936
3936
3938
3939
3941
3941
3941
3944
3945
3946
3947
3947
3948
3949
3950
3951
3952
3953
3954
3954
3956
3956
3957
3958
3958
3961
3962
3962
3962
3964
3964
3967
3972
3973
3974
3974
3974
3975
3975
3975
3976
3976
3977
3977
3978
3980
3982
3983
3983
3986
3986
3987
3989
3995
3995
3996
4000
4001
4002
4002
4002
4003
4003
4005
4006
4007
4008
4008
4008
4010
4010
4011
4011
4013
4013
4014
4014
4014
4016
4019
4023
4024
4027
4028
4030
4033
4034
4035
4036
4036
4037
4039
4042
4042
4042
4046
4046
4047
4049
4049
4051
4052
4052
4053
4054
4054
4055
4056
4058
4058
4059
4059
4061
4061
4061
4061
4062
4062
4063
4063
4064
4064
4065
4065
4067
4067
4067
4068
4069
4070
4070
4071
4071
4072
4073
4073
4073
4074
4075
4075
4077
4079
4081
4083
4083
4084
4084
4085
4086
4087
4088
4088
4091
4094
4095
4095
4096
4096
4099
4099
4100
4101
4102
4102
4103
4103
4104
4104
4104
4104
4106
4108
4108
4109
4111
4111
4112
4112
4112
4112
4113
4114
4114
4114
4116
4116
4116
4116
4116
4117
4119
4120
4120
4120
4121
4124
4127
4127
4129
4133
4133
4133
4135
4135
4135
4136
4137
4137
4140
4140
4140
4142
4142
4142
4142
4143
4145
4146
4146
4146
4148
4148
4150
4150
4152
4153
4155
4156
4157
4159
4160
4160
4160
4161
4163
4164
4164
4165
4168
4169
4169
4171
4172
4172
4173
4174
4179
4179
4179
4180
4180
4180
4181
4182
4184
4185
4185
4185
4187
4187
4188
4192
4192
4193
4194
4194
4194
4195
4195
4196
4197
4201
4201
4204
4204
4204
4205
4206
4207
4211
4212
4213
4213
4214
4215
4219
4221
4221
4222
4224
4226
4226
4228
4229
4229
4229
4232
4232
4233
4233
4233
4235
4235
4236
4238
4240
4243
4246
4246
4246
4246
4247
4250
4251
4251
4251
4252
4253
4253
4254
4254
4255
4255
4257
4257
4260
4261
4265
4265
4265
4268
4268
4269
4271
4271
4274
4276
4276
4276
4276
4278
4279
4280
4281
4284
4284
4284
4286
4286
4287
4288
4289
4293
4295
4296
4296
4296
4297
4299
4299
4302
4302
4303
4305
4306
4306
4307
4307
4308
4308
4309
4310
4310
4311
4313
4314
4314
4314
4315
4316
4317
4318
4318
4319
4319
4320
4321
4322
4322
4323
4326
4326
4328
4328
4328
4328
4329
4329
4330
4331
4334
4334
4335
4336
4337
4338
4339
4343
4344
4344
4347
4348
4350
4350
4351
4355
4356
4356
4357
4358
4359
4359
4360
4360
4360
4361
4362
4362
4364
4364
4364
4367
4367
4367
4368
4369
4370
4370
4371
4371
4372
4374
4374
4376
4376
4377
4377
4378
4378
4378
4379
4379
4380
4381
4381
4382
4382
4385
4386
4386
4388
4388
4389
4390
4391
4395
4400
4400
4403
4403
4404
4404
4405
4406
4406
4406
4409
4410
4410
4411
4413
4415
4416
4417
4417
4418
4418
4418
4420
4421
4421
4425
4425
4426
4427
4427
4428
4429
4429
4430
4431
4432
4432
4433
4434
4435
4436
4438
4439
4440
4441
4441
4442
4443
4444
4444
4445
4445
4446
4446
4448
4448
4449
4450
4450
4452
4454
4455
4455
4456
4456
4457
4457
4457
4460
4460
4460
4461
4461
4461
4463
4464
4467
4471
4471
4471
4473
4475
4475
4476
4477
4478
4479
4479
4480
4480
4481
4482
4483
4485
4485
4486
4488
4489
4489
4491
4493
4494
4494
4495
4495
4496
4497
4497
4500
4502
4503
4504
4505
4509
4510
4510
4510
4512
4514
4515
4516
4519
4522
4523
4524
4525
4525
4527
4529
4529
4530
4531
4531
4531
4532
4533
4533
4537
4539
4540
4543
4543
4544
4548
4548
4549
4549
4550
4551
4552
4554
4554
4555
4558
4559
4559
4560
4560
4561
4562
4562
4562
4562
4562
4562
4565
4566
4567
4567
4568
4568
4569
4569
4570
4570
4571
4571
4571
4571
4573
4574
4575
4580
4580
4580
4580
4582
4582
4584
4587
4587
4588
4590
4592
4593
4593
4594
4595
4597
4599
4600
4601
4601
4602
4603
4603
4604
4604
4604
4605
4605
4605
4607
4609
4610
4610
4611
4611
4612
4618
4619
4619
4619
4621
4622
4623
4624
4624
4625
4625
4625
4631
4631
4633
4633
4633
4634
4634
4634
4635
4636
4639
4641
4642
4645
4645
4645
4646
4646
4646
4647
4647
4649
4650
4652
4653
4654
4654
4654
4655
4657
4658
4658
4659
4660
4662
4664
4666
4669
4669
4671
4673
4674
4674
4675
4675
4676
4678
4678
4682
4682
4683
4685
4686
4687
4687
4689
4690
4694
4695
4697
4697
4697
4697
4697
4697
4698
4698
4699
4700
4701
4703
4703
4704
4704
4705
4705
4706
4706
4707
4708
4711
4712
4712
4712
4713
4714
4715
4715
4718
4720
4721
4722
4723
4724
4725
4726
4726
4729
4729
4730
4731
4731
4732
4732
4732
4733
4733
4735
4735
4736
4738
4739
4742
4742
4742
4742
4743
4745
4745
4745
4747
4747
4750
4750
4750
4750
4754
4754
4756
4758
4759
4760
4760
4762
4762
4763
4764
4764
4765
4765
4766
4766
4768
4768
4769
4770
4770
4771
4771
4773
4775
4777
4777
4777
4778
4778
4779
4779
4780
4780
4780
4780
4782
4783
4784
4786
4787
4788
4789
4794
4797
4797
4797
4797
4797
4798
4798
4802
4803
4803
4803
4803
4803
4805
4807
4808
4809
4811
4812
4812
4813
4814
4815
4816
4817
4820
4820
4821
4822
4826
4827
4828
4828
4828
4829
4831
4832
4832
4835
4836
4836
4836
4837
4837
4837
4838
4842
4845
4845
4846
4847
4847
4849
4850
4850
4850
4850
4852
4853
4855
4855
4856
4856
4856
4856
4857
4859
4860
4861
4862
4862
4862
4862
4863
4864
4864
4865
4865
4866
4867
4867
4870
4875
4876
4876
4877
4878
4879
4880
4883
4884
4886
4887
4888
4891
4891
4892
4893
4895
4895
4896
4896
4897
4897
4898
4899
4900
4901
4902
4902
4902
4903
4903
4903
4903
4906
4906
4906
4908
4913
4914
4914
4915
4916
4916
4917
4919
4919
4922
4923
4924
4925
4925
4925
4925
4926
4927
4929
4929
4931
4933
4934
4935
4938
4938
4938
4939
4939
4940
4941
4942
4944
4944
4945
4946
4947
4947
4947
4949
4949
4950
4950
4951
4954
4955
4955
4956
4958
4960
4961
4961
4961
4962
4964
4965
4965
4967
4968
4970
4972
4973
4975
4975
4975
4977
4979
4979
4982
4983
4983
4983
4984
4984
4985
4985
4986
4987
4987
4987
4989
4990
4992
4992
4995
4997
4998
4999
4999
5000
5002
5003
5003
5005
5006
5006
5007
5008
5008
5008
5009
5009
5010
5011
5012
5013
5014
5015
5016
5016
5018
5019
5022
5023
5024
5025
5025
5027
5028
5029
5029
5029
5032
5032
5033
5035
5037
5038
5040
5040
5041
5042
5043
5044
5045
5046
5048
5050
5052
5053
5055
5055
5058
5060
5060
5064
5064
5067
5070
5072
5072
5073
5076
5077
5078
5078
5079
5080
5080
5081
5082
5084
5085
5087
5087
5088
5089
5090
5091
5092
5092
5094
5095
5095
5096
5096
5097
5097
5098
5099
5101
5103
5105
5105
5107
5111
5112
5113
5114
5115
5115
5116
5116
5118
5119
5122
5123
5123
5123
5123
5126
5127
5128
5129
5129
5129
5130
5130
5132
5133
5134
5134
5135
5136
5139
5142
5142
5144
5148
5149
5149
5150
5151
5152
5153
5153
5153
5154
5155
5155
5156
5157
5159
5159
5159
5160
5160
5162
5162
5162
5162
5162
5163
5164
5164
5165
5166
5166
5167
5169
5170
5175
5176
5176
5177
5178
5179
5179
5179
5181
5184
5188
5188
5188
5189
5189
5190
5192
5192
5193
5193
5194
5194
5196
5196
5196
5200
5201
5202
5202
5203
5204
5207
5208
5208
5208
5208
5209
5210
5210
5210
5211
5212
5213
5213
5214
5215
5215
5217
5219
5220
5224
5224
5225
5226
5227
5228
5230
5231
5231
5234
5235
5235
5235
5236
5240
5240
5241
5242
5243
5243
5243
5243
5244
5244
5244
5246
5248
5251
5252
5253
5253
5254
5255
5255
5257
5259
5260
5261
5261
5262
5266
5266
5266
5268
5269
5269
5272
5272
5272
5273
5276
5276
5280
5280
5280
5282
5282
5282
5283
5284
5285
5286
5286
5287
5289
5289
5289
5290
5290
5291
5294
5295
5296
5297
5302
5303
5303
5304
5306
5306
5307
5307
5307
5308
5311
5311
5312
5313
5314
5314
5315
5315
5315
5316
5317
5318
5319
5320
5320
5321
5322
5322
5324
5324
5327
5328
5328
5330
5331
5334
5335
5335
5335
5337
5340
5340
5341
5344
5347
5347
5347
5348
5348
5349
5349
5349
5349
5350
5353
5353
5354
5354
5360
5360
5362
5363
5363
5364
5364
5367
5367
5368
5368
5370
5370
5371
5372
5373
5374
5375
5375
5376
5377
5377
5378
5378
5380
5382
5383
5384
5385
5385
5386
5387
5389
5391
5391
5391
5391
5391
5393
5393
5393
5393
5394
5396
5397
5397
5397
5397
5398
5398
5398
5399
5399
5400
5404
5404
5405
5406
5407
5407
5408
5408
5408
5409
5409
5410
5413
5417
5417
5417
5418
5418
5418
5419
5419
5420
5420
5420
5420
5420
5421
5427
5428
5429
5429
5430
5430
5431
5432
5432
5433
5433
5434
5437
5437
5439
5439
5441
5441
5443
5444
5444
5446
5446
5446
5448
5450
5451
5453
5454
5456
5457
5458
5458
5459
5460
5461
5461
5462
5463
5463
5463
5465
5467
5467
5469
5470
5470
5471
5472
5472
5475
5475
5475
5476
5476
5480
5482
5482
5482
5483
5486
5487
5491
5491
5492
5492
5492
5493
5496
5497
5498
5498
5499
5500
5501
5501
5502
5503
5505
5505
5507
5508
5509
5509
5511
5514
5514
5516
5517
5518
5520
5520
5521
5522
5524
5524
5524
5525
5526
5530
5530
5531
5533
5533
5534
5535
5535
5535
5535
5536
5537
5546
5547
5547
5547
5548
5549
5550
5550
5551
5555
5557
5557
5558
5559
5563
5564
5565
5565
5565
5566
5566
5568
5572
5573
5573
5576
5577
5579
5579
5580
5580
5581
5581
5582
5583
5583
5585
5585
5585
5587
5587
5588
5594
5595
5595
5595
5596
5597
5597
5601
5603
5603
5603
5603
5603
5605
5608
5609
5610
5611
5615
5618
5618
5618
5620
5621
5621
5624
5625
5626
5626
5627
5628
5630
5630
5631
5632
5633
5634
5634
5635
5636
5637
5637
5638
5638
5639
5641
5642
5643
5645
5645
5646
5648
5648
5649
5650
5654
5655
5656
5657
5657
5659
5660
5660
5663
5664
5666
5666
5669
5670
5671
5671
5671
5672
5672
5673
5673
5674
5675
5677
5677
5678
5680
5680
5680
5681
5681
5681
5682
5685
5686
5686
5688
5688
5688
5688
5692
5692
5697
5698
5700
5700
5700
5701
5702
5703
5703
5704
5704
5705
5705
5706
5706
5706
5707
5707
5709
5709
5710
5710
5711
5712
5712
5712
5713
5715
5716
5716
5717
5717
5718
5718
5718
5719
5721
5722
5724
5725
5725
5725
5726
5728
5730
5732
5733
5734
5735
5736
5736
5737
5737
5737
5737
5739
5739
5740
5742
5744
5744
5744
5745
5745
5745
5747
5749
5749
5749
5749
5750
5750
5750
5754
5757
5758
5760
5761
5761
5761
5763
5764
5765
5765
5769
5769
5770
5770
5771
5772
5773
5774
5774
5775
5776
5776
5778
5779
5782
5785
5785
5786
5786
5789
5792
5792
5793
5794
5795
5796
5796
5796
5797
5797
5797
5798
5802
5802
5803
5803
5804
5805
5806
5806
5807
5808
5810
5810
5811
5812
5812
5813
5814
5814
5816
5817
5819
5819
5820
5820
5820
5821
5822
5822
5822
5823
5828
5831
5831
5833
5834
5834
5834
5835
5835
5836
5836
5837
5838
5839
5840
5841
5843
5843
5844
5844
5845
5846
5847
5847
5848
5848
5849
5849
5850
5851
5851
5852
5852
5853
5853
5853
5854
5854
5857
5857
5857
5858
5859
5859
5861
5861
5862
5863
5864
5865
5866
5867
5867
5869
5870
5871
5871
5876
5877
5878
5879
5880
5882
5882
5884
5886
5886
5888
5889
5891
5893
5894
5895
5896
5897
5898
5899
5900
5900
5901
5902
5902
5902
5904
5908
5909
5909
5909
5910
5910
5912
5915
5915
5917
5918
5918
5920
5923
5923
5923
5929
5931
5932
5932
5933
5934
5935
5935
5936
5937
5939
5940
5940
5940
5941
5942
5943
5944
5944
5945
5946
5946
5946
5949
5949
5953
5953
5953
5954
5956
5956
5960
5960
5963
5964
5965
5965
5966
5966
5967
5969
5969
5969
5971
5973
5974
5974
5974
5977
5978
5978
5980
5980
5981
5981
5982
5983
5983
5984
5987
5990
5992
5992
5993
5994
5994
5995
5995
5996
5997
5998
6002
6003
6003
6004
6004
6005
6005
6006
6009
6009
6009
6012
6014
6014
6014
6016
6019
6020
6021
6022
6027
6028
6033
6034
6035
6036
6038
6038
6040
6040
6040
6041
6042
6042
6043
6046
6047
6047
6049
6049
6050
6051
6054
6058
6058
6059
6060
6061
6063
6063
6063
6063
6064
6065
6065
6066
6066
6068
6069
6071
6072
6072
6073
6074
6075
6075
6076
6077
6080
6081
6081
6082
6082
6083
6084
6084
6084
6086
6087
6088
6088
6091
6093
6093
6093
6095
6096
6096
6096
6096
6096
6097
6098
6100
6100
6100
6101
6101
6103
6104
6105
6105
6107
6108
6109
6110
6111
6115
6117
6120
6121
6121
6123
6127
6127
6128
6129
6130
6130
6131
6133
6134
6137
6137
6138
6138
6139
6140
6144
6144
6145
6145
6146
6146
6147
6147
6149
6149
6150
6151
6151
6152
6153
6153
6154
6157
6158
6158
6159
6159
6160
6160
6160
6160
6161
6162
6162
6163
6165
6166
6166
6166
6167
6168
6168
6168
6170
6171
6171
6171
6174
6177
6180
6180
6180
6181
6183
6184
6185
6185
6186
6186
6188
6189
6191
6191
6192
6194
6195
6196
6196
6197
6198
6200
6202
6202
6202
6203
6205
6206
6208
6208
6210
6211
6211
6212
6214
6215
6217
6219
6219
6220
6221
6221
6222
6222
6223
6224
6225
6227
6227
6228
6228
6228
6229
6229
6229
6230
6231
6232
6232
6233
6235
6237
6240
6240
6241
6241
6242
6245
6246
6246
6246
6247
6249
6250
6250
6251
6252
6255
6255
6257
6257
6257
6259
6260
6262
6264
6265
6265
6266
6266
6267
6268
6268
6274
6274
6278
6278
6285
6288
6294
6295
6295
6295
6296
6297
6301
6302
6302
6303
6304
6306
6307
6307
6310
6311
6311
6312
6313
6314
6315
6315
6316
6316
6317
6318
6319
6319
6319
6320
6322
6323
6324
6328
6328
6328
6328
6330
6330
6330
6335
6337
6338
6343
6343
6343
6344
6346
6347
6347
6347
6349
6349
6349
6349
6351
6351
6352
6352
6353
6353
6354
6356
6356
6357
6357
6358
6358
6358
6358
6359
6359
6362
6364
6364
6365
6365
6366
6366
6367
6368
6369
6370
6371
6372
6373
6374
6376
6377
6377
6378
6380
6381
6382
6382
6382
6384
6384
6385
6386
6387
6388
6389
6389
6391
6396
6397
6399
6400
6401
6401
6402
6402
6406
6408
6408
6408
6409
6411
6413
6414
6416
6417
6417
6418
6422
6423
6423
6424
6428
6429
6431
6432
6432
6432
6434
6435
6435
6436
6436
6438
6439
6439
6440
6440
6440
6441
6444
6444
6445
6446
6448
6448
6450
6451
6452
6456
6456
6456
6456
6457
6458
6459
6459
6461
6462
6463
6467
6468
6470
6470
6471
6471
6471
6473
6474
6475
6476
6477
6477
6479
6480
6480
6480
6481
6481
6482
6482
6483
6483
6483
6487
6488
6489
6489
6490
6494
6494
6495
6496
6497
6497
6498
6501
6501
6504
6506
6506
6507
6507
6508
6508
6509
6511
6511
6512
6515
6516
6517
6517
6518
6522
6523
6523
6527
6529
6531
6532
6532
6534
6536
6536
6541
6542
6545
6546
6547
6550
6550
6553
6554
6555
6555
6557
6557
6557
6559
6560
6561
6561
6562
6565
6565
6567
6568
6568
6568
6569
6570
6571
6571
6571
6572
6572
6575
6576
6577
6579
6580
6580
6581
6582
6582
6583
6583
6584
6586
6586
6587
6588
6589
6590
6590
6590
6591
6592
6593
6594
6595
6596
6598
6598
6601
6604
6604
6605
6606
6606
6607
6608
6609
6609
6610
6610
6613
6615
6616
6616
6617
6617
6617
6617
6617
6618
6619
6621
6622
6622
6622
6622
6623
6624
6624
6624
6625
6625
6627
6628
6628
6628
6630
6631
6632
6633
6633
6634
6634
6635
6635
6635
6641
6642
6643
6644
6647
6649
6649
6649
6649
6651
6656
6658
6658
6659
6659
6660
6661
6663
6663
6664
6664
6665
6665
6666
6666
6666
6667
6667
6667
6667
6667
6669
6669
6670
6671
6672
6674
6676
6676
6677
6678
6679
6681
6684
6685
6688
6688
6688
6689
6690
6691
6695
6696
6698
6699
6699
6701
6702
6703
6705
6706
6706
6707
6707
6707
6708
6711
6711
6715
6718
6720
6721
6723
6724
6726
6727
6728
6730
6731
6732
6735
6737
6737
6737
6738
6741
6743
6743
6747
6747
6748
6748
6749
6750
6751
6751
6752
6753
6753
6755
6755
6756
6757
6757
6758
6759
6760
6761
6761
6762
6763
6763
6771
6772
6773
6774
6774
6775
6775
6776
6776
6777
6779
6780
6780
6780
6782
6782
6783
6783
6784
6785
6786
6787
6789
6789
6790
6792
6792
6793
6793
6794
6794
6794
6795
6795
6798
6798
6805
6806
6807
6808
6808
6810
6811
6811
6811
6811
6813
6813
6815
6815
6816
6817
6818
6819
6819
6820
6821
6821
6822
6823
6823
6823
6824
6825
6826
6826
6829
6829
6829
6832
6832
6833
6836
6836
6837
6838
6839
6841
6843
6844
6844
6845
6845
6845
6846
6846
6847
6848
6850
6851
6852
6853
6855
6855
6857
6858
6860
6861
6862
6864
6867
6869
6869
6870
6872
6872
6874
6874
6875
6875
6876
6878
6878
6878
6878
6879
6880
6881
6882
6882
6882
6884
6885
6885
6886
6886
6886
6888
6890
6891
6892
6893
6893
6895
6897
6900
6901
6902
6902
6902
6904
6905
6905
6906
6906
6906
6907
6911
6911
6912
6913
6914
6916
6916
6916
6918
6918
6919
6919
6922
6922
6924
6924
6924
6925
6926
6926
6927
6928
6929
6931
6931
6931
6932
6932
6932
6934
6935
6936
6936
6937
6938
6939
6940
6940
6941
6941
6941
6942
6942
6942
6942
6945
6947
6947
6950
6950
6950
6953
6956
6957
6957
6959
6960
6961
6962
6963
6964
6964
6965
6966
6972
6972
6973
6978
6978
6978
6979
6979
6980
6980
6981
6982
6985
6987
6989
6989
6989
6990
6991
6991
6992
6992
6992
6993
6996
6996
6996
6998
7000
7001
7002
7002
7004
7005
7006
7007
7007
7008
7008
7010
7011
7012
7012
7014
7014
7015
7015
7015
7015
7017
7018
7019
7020
7020
7020
7021
7021
7021
7021
7024
7025
7025
7026
7027
7028
7029
7029
7030
7031
7031
7033
7033
7034
7034
7035
7036
7036
7037
7037
7037
7039
7040
7041
7041
7041
7043
7045
7047
7048
7048
7049
7050
7050
7050
7051
7051
7051
7051
7052
7052
7056
7056
7058
7058
7059
7063
7065
7065
7065
7066
7066
7068
7068
7068
7069
7070
7071
7071
7072
7073
7073
7078
7079
7079
7080
7080
7080
7080
7081
7082
7082
7083
7084
7084
7087
7087
7087
7087
7088
7089
7089
7089
7090
7090
7091
7092
7092
7093
7093
7093
7095
7097
7097
7099
7099
7100
7101
7101
7101
7102
7103
7104
7105
7105
7105
7107
7108
7108
7108
7109
7109
7111
7112
7113
7113
7115
7115
7117
7118
7118
7120
7121
7121
7121
7121
7121
7122
7122
7122
7123
7123
7123
7124
7125
7126
7126
7127
7129
7130
7131
7133
7134
7136
7140
7140
7142
7144
7145
7146
7146
7150
7151
7151
7152
7153
7156
7156
7156
7157
7158
7159
7159
7160
7160
7161
7162
7165
7165
7167
7168
7169
7169
7170
7170
7171
7171
7174
7175
7176
7177
7178
7179
7181
7186
7186
7188
7189
7190
7192
7192
7193
7195
7196
7197
7198
7199
7201
7201
7202
7203
7204
7204
7204
7204
7205
7206
7208
7208
7209
7209
7209
7210
7210
7211
7211
7212
7212
7213
7215
7216
7217
7218
7219
7223
7224
7225
7225
7228
7229
7234
7236
7236
7236
7237
7240
7244
7244
7245
7246
7248
7248
7249
7249
7250
7252
7253
7254
7256
7256
7257
7258
7259
7260
7262
7263
7263
7264
7265
7265
7267
7268
7269
7270
7270
7272
7272
7272
7274
7276
7276
7277
7277
7278
7282
7283
7284
7285
7285
7285
7285
7287
7288
7289
7289
7290
7291
7292
7292
7292
7293
7295
7296
7298
7299
7299
7301
7301
7303
7305
7307
7308
7308
7310
7310
7311
7313
7315
7315
7315
7315
7317
7318
7319
7320
7320
7320
7321
7321
7321
7322
7323
7325
7329
7329
7330
7331
7331
7331
7331
7333
7334
7334
7335
7336
7336
7336
7336
7337
7340
7341
7341
7341
7343
7344
7345
7345
7349
7352
7353
7353
7355
7355
7356
7359
7360
7360
7363
7365
7365
7366
7367
7368
7369
7370
7373
7375
7375
7377
7378
7379
7379
7379
7383
7384
7384
7386
7386
7387
7387
7388
7390
7393
7393
7393
7394
7397
7397
7400
7401
7401
7402
7404
7406
7407
7407
7407
7407
7409
7411
7411
7411
7412
7412
7414
7414
7415
7415
7415
7415
7416
7417
7417
7417
7418
7418
7418
7418
7423
7424
7425
7426
7428
7431
7432
7436
7436
7437
7437
7442
7444
7449
7454
7455
7458
7459
7461
7461
7464
7464
7466
7469
7469
7471
7472
7472
7473
7473
7474
7474
7474
7478
7480
7480
7486
7486
7488
7489
7489
7489
7489
7492
7492
7493
7493
7493
7493
7494
7495
7497
7498
7500
7505
7506
7506
7507
7509
7509
7509
7509
7510
7510
7511
7511
7511
7512
7512
7512
7513
7514
7514
7514
7516
7517
7519
7522
7523
7523
7524
7524
7527
7528
7528
7529
7531
7532
7532
7539
7539
7541
7541
7543
7544
7544
7548
7553
7554
7556
7556
7556
7556
7557
7558
7561
7562
7562
7564
7564
7566
7566
7570
7571
7571
7574
7575
7575
7575
7576
7582
7583
7587
7587
7588
7591
7592
7593
7595
7595
7596
7597
7598
7600
7600
7601
7603
7603
7603
7604
7604
7606
7607
7611
7611
7614
7614
7616
7619
7619
7620
7622
7623
7624
7624
7625
7625
7628
7630
7632
7633
7634
7635
7636
7636
7638
7638
7639
7640
7642
7642
7642
7645
7645
7646
7646
7648
7648
7648
7649
7652
7652
7654
7655
7656
7657
7657
7658
7661
7662
7664
7665
7666
7667
7667
7674
7676
7677
7678
7679
7679
7679
7680
7681
7681
7682
7682
7683
7683
7685
7686
7687
7688
7688
7690
7690
7692
7693
7693
7695
7695
7696
7698
7698
7698
7699
7699
7700
7700
7701
7701
7702
7702
7702
7702
7703
7703
7704
7705
7706
7707
7707
7708
7708
7709
7710
7711
7712
7712
7714
7714
7717
7718
7719
7719
7720
7721
7723
7723
7725
7726
7727
7727
7728
7728
7730
7733
7734
7736
7737
7739
7740
7741
7742
7743
7743
7745
7746
7746
7746
7747
7747
7748
7749
7752
7752
7754
7755
7755
7758
7760
7761
7763
7763
7763
7764
7764
7764
7765
7766
7768
7768
7769
7769
7770
7770
7772
7773
7775
7777
7777
7777
7778
7779
7779
7780
7781
7783
7783
7783
7784
7785
7785
7793
7793
7794
7795
7796
7796
7797
7798
7798
7798
7799
7799
7801
7801
7801
7801
7801
7802
7802
7804
7806
7807
7808
7808
7809
7811
7811
7813
7815
7815
7815
7817
7817
7821
7822
7823
7823
7823
7825
7826
7826
7828
7829
7829
7829
7831
7832
7833
7834
7834
7834
7835
7835
7835
7835
7835
7836
7840
7840
7841
7841
7842
7843
7844
7845
7846
7848
7849
7849
7849
7851
7851
7852
7852
7852
7852
7853
7854
7855
7855
7858
7860
7860
7860
7861
7862
7864
7864
7865
7867
7867
7869
7873
7875
7879
7880
7880
7880
7881
7881
7882
7884
7886
7887
7888
7889
7889
7892
7892
7892
7893
7893
7894
7895
7897
7897
7900
7903
7904
7906
7908
7908
7908
7908
7908
7909
7909
7910
7910
7911
7912
7912
7912
7913
7914
7915
7916
7918
7920
7920
7922
7923
7923
7924
7925
7926
7927
7928
7932
7932
7933
7935
7937
7937
7938
7941
7941
7943
7944
7945
7946
7951
7951
7956
7957
7958
7959
7961
7961
7961
7961
7962
7966
7967
7968
7969
7969
7970
7972
7972
7972
7973
7976
7978
7978
7978
7979
7979
7979
7980
7981
7982
7983
7984
7984
7986
7986
7987
7987
7988
7988
7989
7989
7990
7991
7991
7992
7992
7992
7992
7992
7993
7994
7995
7996
7998
7998
7999
7999
7999
8000
8001
8006
8006
8006
8007
8007
8008
8009
8009
8010
8011
8014
8015
8016
8018
8020
8021
8022
8023
8025
8025
8025
8025
8026
8026
8026
8026
8027
8027
8029
8035
8035
8035
8038
8038
8039
8040
8041
8041
8041
8042
8044
8045
8047
8047
8048
8049
8050
8050
8051
8051
8052
8054
8054
8056
8056
8060
8061
8064
8065
8067
8068
8068
8072
8074
8074
8075
8075
8078
8079
8080
8081
8081
8082
8084
8084
8085
8085
8087
8087
8090
8091
8091
8093
8093
8094
8094
8094
8094
8095
8097
8098
8098
8099
8099
8101
8101
8102
8103
8104
8104
8105
8107
8107
8107
8107
8107
8113
8113
8114
8114
8115
8115
8115
8116
8116
8116
8118
8118
8120
8120
8121
8122
8122
8122
8122
8122
8123
8124
8127
8127
8127
8127
8129
8129
8130
8131
8133
8134
8135
8135
8138
8138
8141
8141
8142
8142
8143
8143
8144
8144
8146
8147
8151
8152
8152
8153
8153
8154
8155
8156
8157
8157
8157
8157
8159
8160
8164
8165
8166
8167
8168
8170
8170
8170
8170
8172
8173
8173
8175
8175
8176
8178
8179
8181
8182
8184
8185
8186
8186
8187
8187
8188
8188
8189
8189
8190
8190
8191
8191
8192
8192
8193
8193
8194
8197
8198
8198
8199
8200
8202
8202
8203
8204
8206
8206
8206
8207
8207
8208
8209
8210
8211
8211
8212
8214
8214
8216
8217
8218
8219
8219
8220
8221
8222
8222
8225
8226
8227
8227
8228
8230
8233
8234
8237
8237
8238
8239
8239
8239
8240
8242
8243
8244
8245
8246
8246
8247
8249
8250
8253
8254
8255
8256
8257
8257
8257
8257
8257
8258
8260
8262
8262
8264
8264
8266
8270
8274
8274
8274
8274
8275
8275
8276
8276
8276
8276
8277
8279
8280
8281
8282
8283
8283
8285
8285
8286
8287
8289
8290
8291
8291
8292
8292
8293
8294
8295
8296
8296
8299
8300
8301
8302
8302
8303
8304
8305
8306
8306
8309
8309
8310
8310
8311
8312
8313
8315
8315
8317
8319
8322
8322
8322
8323
8324
8325
8325
8326
8326
8326
8327
8327
8327
8328
8329
8330
8331
8331
8332
8332
8333
8335
8335
8336
8337
8337
8339
8340
8341
8342
8344
8345
8346
8347
8348
8351
8352
8352
8354
8354
8355
8355
8355
8355
8355
8357
8357
8359
8360
8360
8360
8361
8361
8362
8363
8366
8367
8367
8367
8368
8370
8370
8371
8371
8371
8372
8373
8373
8374
8375
8379
8379
8380
8381
8383
8384
8388
8388
8390
8390
8390
8390
8391
8391
8391
8394
8396
8397
8397
8398
8398
8399
8400
8400
8401
8401
8403
8404
8404
8406
8406
8409
8409
8410
8410
8411
8412
8414
8415
8415
8416
8416
8417
8419
8419
8420
8421
8421
8422
8422
8423
8423
8424
8425
8425
8425
8425
8425
8427
8427
8428
8429
8429
8431
8432
8433
8434
8435
8435
8437
8437
8439
8439
8440
8442
8443
8443
8443
8443
8444
8445
8446
8449
8449
8449
8449
8451
8451
8452
8454
8454
8456
8457
8457
8458
8459
8459
8461
8461
8461
8462
8463
8464
8464
8465
8469
8469
8470
8471
8472
8473
8477
8477
8477
8477
8478
8479
8481
8481
8482
8483
8483
8484
8486
8487
8487
8487
8487
8487
8488
8488
8489
8490
8491
8492
8493
8493
8494
8494
8495
8495
8496
8496
8497
8498
8498
8498
8500
8503
8504
8505
8508
8509
8512
8513
8514
8514
8514
8516
8517
8520
8522
8522
8523
8526
8527
8528
8528
8529
8529
8530
8533
8534
8534
8534
8534
8534
8536
8537
8537
8539
8541
8541
8542
8543
8543
8544
8544
8544
8545
8546
8546
8546
8547
8547
8548
8548
8549
8550
8550
8553
8554
8554
8555
8555
8555
8556
8556
8556
8561
8561
8561
8561
8562
8562
8564
8565
8566
8567
8568
8569
8572
8572
8573
8574
8575
8575
8576
8576
8577
8577
8577
8579
8579
8580
8580
8580
8581
8582
8582
8584
8586
8586
8587
8588
8588
8588
8590
8591
8591
8592
8594
8595
8596
8596
8598
8599
8601
8601
8601
8602
8603
8605
8606
8606
8607
8608
8609
8610
8610
8613
8614
8614
8615
8616
8617
8617
8621
8621
8621
8622
8623
8623
8624
8625
8625
8626
8626
8626
8628
8628
8628
8630
8631
8631
8631
8632
8633
8633
8634
8634
8635
8635
8638
8639
8640
8644
8645
8646
8649
8652
8653
8653
8655
8656
8657
8657
8657
8658
8659
8661
8663
8663
8663
8664
8665
8668
8669
8670
8671
8672
8672
8673
8674
8676
8676
8679
8680
8681
8681
8682
8683
8686
8687
8688
8688
8689
8689
8690
8690
8691
8692
8693
8695
8696
8696
8696
8697
8698
8699
8700
8702
8703
8703
8704
8704
8704
8704
8706
8707
8707
8708
8711
8712
8713
8714
8715
8716
8720
8721
8725
8725
8726
8726
8727
8730
8730
8731
8733
8737
8738
8738
8740
8740
8741
8741
8741
8741
8741
8742
8745
8746
8747
8748
8752
8752
8755
8757
8759
8760
8760
8760
8760
8761
8761
8761
8762
8766
8767
8767
8767
8768
8771
8772
8773
8775
8778
8778
8781
8781
8782
8782
8782
8782
8782
8784
8785
8786
8786
8786
8786
8787
8788
8788
8789
8791
8793
8794
8794
8794
8795
8795
8797
8799
8800
8800
8801
8801
8801
8803
8803
8803
8807
8807
8807
8808
8809
8811
8813
8815
8815
8816
8816
8817
8818
8820
8822
8822
8823
8823
8824
8824
8824
8825
8826
8827
8827
8828
8830
8832
8832
8833
8835
8835
8836
8837
8838
8841
8843
8843
8843
8843
8844
8845
8847
8848
8849
8849
8850
8852
8852
8855
8855
8855
8856
8860
8863
8867
8869
8869
8870
8871
8871
8872
8873
8873
8874
8875
8877
8877
8877
8879
8880
8880
8880
8880
8881
8881
8881
8881
8882
8882
8885
8886
8886
8886
8887
8887
8889
8894
8897
8897
8898
8898
8898
8899
8900
8902
8903
8903
8904
8904
8905
8906
8906
8906
8907
8908
8908
8912
8912
8914
8916
8918
8918
8919
8920
8920
8921
8921
8923
8924
8924
8926
8926
8927
8927
8927
8934
8934
8936
8939
8939
8941
8941
8943
8943
8944
8944
8945
8947
8947
8948
8948
8948
8949
8950
8950
8950
8950
8953
8953
8954
8954
8954
8956
8957
8958
8958
8958
8959
8961
8962
8964
8965
8965
8967
8969
8970
8970
8971
8972
8972
8974
8975
8975
8976
8976
8976
8976
8977
8978
8978
8978
8979
8979
8980
8981
8981
8983
8984
8985
8988
8989
8992
8992
8992
8992
8992
8993
8997
8997
8998
8999
9000
9001
9001
9002
9003
9003
9003
9003
9006
9007
9008
9010
9010
9010
9013
9014
9014
9015
9016
9016
9018
9019
9020
9020
9022
9023
9023
9023
9025
9025
9025
9026
9026
9027
9028
9028
9028
9029
9030
9033
9034
9035
9036
9037
9038
9039
9039
9039
9040
9041
9041
9041
9043
9044
9044
9046
9047
9047
9047
9049
9050
9054
9056
9057
9059
9060
9060
9061
9061
9064
9065
9066
9066
9066
9066
9066
9066
9068
9071
9072
9073
9074
9075
9076
9076
9076
9077
9078
9079
9079
9080
9080
9080
9080
9082
9082
9082
9083
9083
9084
9084
9085
9087
9089
9090
9092
9092
9093
9096
9096
9098
9098
9098
9099
9101
9101
9101
9101
9102
9104
9104
9104
9104
9105
9105
9106
9107
9107
9107
9107
9109
9109
9112
9112
9112
9112
9114
9115
9115
9115
9117
9118
9118
9118
9121
9121
9121
9122
9123
9125
9125
9125
9125
9126
9126
9130
9131
9132
9133
9135
9136
9136
9137
9138
9138
9138
9139
9139
9140
9142
9142
9142
9144
9146
9146
9146
9149
9150
9150
9150
9150
9152
9152
9155
9157
9160
9160
9162
9162
9163
9163
9164
9165
9167
9168
9170
9171
9176
9176
9177
9177
9178
9178
9178
9179
9179
9179
9179
9179
9180
9181
9182
9182
9185
9185
9186
9186
9191
9191
9195
9196
9197
9197
9197
9197
9199
9200
9201
9202
9204
9207
9207
9208
9210
9211
9211
9212
9216
9218
9219
9219
9221
9221
9223
9226
9230
9232
9232
9233
9235
9235
9236
9237
9239
9240
9240
9241
9241
9241
9244
9247
9247
9247
9249
9249
9250
9250
9251
9252
9252
9253
9253
9255
9256
9256
9257
9258
9259
9260
9261
9262
9262
9262
9263
9263
9266
9267
9267
9267
9269
9270
9271
9271
9272
9273
9273
9274
9275
9277
9277
9278
9278
9278
9278
9279
9280
9280
9282
9283
9283
9284
9285
9286
9286
9286
9287
9290
9291
9291
9292
9297
9299
9300
9300
9300
9301
9301
9303
9304
9305
9305
9307
9309
9310
9311
9311
9312
9312
9314
9316
9317
9317
9317
9318
9320
9322
9323
9323
9324
9324
9325
9326
9326
9327
9329
9330
9330
9332
9332
9332
9333
9333
9334
9334
9337
9337
9337
9340
9341
9341
9341
9341
9343
9343
9345
9346
9347
9348
9349
9349
9351
9352
9353
9353
9354
9356
9356
9357
9357
9358
9364
9365
9369
9371
9371
9371
9372
9373
9374
9376
9379
9380
9380
9381
9382
9383
9383
9389
9389
9389
9390
9390
9392
9392
9394
9394
9394
9396
9397
9397
9398
9398
9401
9401
9401
9404
9406
9407
9411
9411
9411
9411
9414
9416
9417
9417
9419
9419
9419
9419
9420
9422
9423
9423
9423
9423
9424
9426
9428
9428
9429
9430
9430
9431
9433
9434
9434
9435
9438
9439
9439
9440
9441
9441
9444
9447
9447
9447
9448
9450
9450
9450
9451
9452
9453
9453
9454
9454
9455
9456
9457
9458
9459
9462
9462
9463
9464
9465
9465
9466
9469
9470
9472
9473
9477
9477
9478
9478
9479
9480
9480
9481
9482
9484
9484
9485
9487
9488
9490
9492
9492
9492
9494
9494
9494
9496
9497
9497
9498
9498
9499
9499
9502
9503
9503
9504
9504
9504
9505
9506
9510
9511
9513
9513
9513
9514
9517
9520
9521
9522
9522
9523
9523
9527
9528
9528
9529
9529
9530
9530
9531
9532
9532
9533
9533
9535
9536
9536
9537
9537
9538
9539
9539
9539
9542
9542
9543
9543
9544
9544
9545
9548
9548
9549
9549
9551
9552
9553
9553
9553
9554
9555
9556
9557
9558
9560
9561
9564
9565
9565
9567
9569
9570
9571
9571
9572
9572
9573
9574
9577
9580
9585
9588
9591
9592
9593
9595
9596
9597
9598
9598
9600
9600
9600
9601
9602
9603
9606
9606
9606
9609
9610
9612
9615
9615
9615
9615
9617
9617
9619
9619
9620
9621
9622
9622
9623
9623
9624
9624
9624
9625
9626
9628
9628
9628
9629
9629
9631
9632
9632
9635
9635
9636
9636
9637
9637
9637
9638
9638
9639
9640
9640
9641
9642
9642
9642
9642
9643
9644
9645
9645
9645
9645
9649
9650
9650
9651
9651
9652
9652
9652
9654
9655
9656
9656
9658
9658
9659
9660
9660
9660
9660
9664
9665
9666
9668
9668
9668
9670
9672
9672
9673
9673
9674
9678
9679
9679
9680
9681
9681
9684
9684
9688
9692
9693
9694
9694
9694
9694
9695
9696
9698
9700
9701
9702
9703
9704
9705
9705
9707
9707
9708
9709
9711
9711
9711
9712
9715
9717
9717
9719
9720
9720
9721
9723
9723
9724
9724
9724
9724
9724
9726
9728
9729
9729
9731
9731
9737
9742
9742
9742
9742
9743
9744
9749
9750
9750
9751
9752
9753
9754
9758
9765
9766
9766
9767
9768
9769
9769
9770
9770
9771
9773
9774
9775
9775
9776
9777
9778
9782
9783
9786
9786
9787
9788
9790
9791
9794
9794
9795
9796
9797
9798
9799
9800
9801
9802
9803
9803
9805
9805
9805
9810
9811
9813
9814
9815
9816
9819
9825
9826
9827
9829
9830
9832
9833
9833
9833
9834
9834
9834
9837
9837
9837
9838
9838
9839
9839
9840
9840
9840
9841
9842
9842
9843
9844
9845
9849
9850
9850
9851
9851
9852
9852
9854
9854
9854
9857
9858
9859
9859
9859
9860
9862
9862
9864
9864
9864
9865
9865
9865
9870
9873
9873
9875
9875
9876
9876
9877
9880
9881
9883
9885
9885
9886
9887
9888
9889
9889
9889
9893
9893
9893
9893
9894
9894
9898
9898
9900
9900
9901
9902
9903
9906
9906
9908
9909
9910
9911
9911
9911
9914
9914
9915
9915
9915
9916
9916
9916
9916
9917
9918
9918
9918
9920
9921
9921
9921
9921
9922
9922
9925
9928
9929
9930
9931
9932
9934
9934
9937
9940
9940
9943
9944
9944
9945
9945
9946
9947
9947
9949
9949
9949
9952
9952
9954
9956
9957
9957
9958
9958
9958
9960
9960
9960
9962
9962
9962
9963
9965
9965
9966
9967
9968
9969
9969
9971
9971
9972
9973
9973
9974
9975
9977
9978
9978
9979
9981
9982
9982
9987
9987
9987
9987
9989
9990
9991
9991
9991
9992
9992
9993
9993
9993
9993
9994
9996
9996
9996
9997
9997
9998
9998
10001
10002
10003
10004
10005
10005
10006
10006
10006
10008
10010
10011
10011
10011
10011
10012
10014
10016
10018
10021
10021
10024
10024
10024
10025
10026
10027
10027
10028
10028
10030
10035
10035
10035
10036
10036
10037
10037
10040
10041
10041
10041
10042
10045
10045
10045
10046
10047
10049
10053
10054
10054
10056
10059
10060
10061
10062
10063
10063
10064
10065
10065
10066
10067
10069
10070
10070
10071
10071
10072
10072
10073
10074
10074
10075
10079
10079
10080
10083
10087
10088
10088
10089
10089
10090
10092
10093
10094
10095
10095
10096
10096
10098
